AMODEL
DGaussian
D 48
SMOOTH 0.23221400 0.19280900 0.20623400 0.24913800 0.23471600 0.22643700 0.19865900 0.18223200 0.16651700 0.15039500 0.14165400 0.11588600 0.09350700 0.07441390 0.05393840 0.57325700 0.00683438 0.00733576 0.00809300 0.00996756 0.01098050 0.01152000 0.01137850 0.01159340 0.01097870 0.01018300 0.00943766 0.00815868 0.00687242 0.00553850 0.00423009 0.00958321 0.00091139 0.00103670 0.00119857 0.00153963 0.00176951 0.00193311 0.00195689 0.00202495 0.00195002 0.00183501 0.00170385 0.00148740 0.00126112 0.00102312 0.00078942 0.00107406
N 33
'SP'
Q 1
Trans -0.916291
MU 1.08346e-08 2.27316e-08 6.29223e-09 4.37296e-09 -1.03058e-08 4.41551e-09 -8.21096e-09 -7.01611e-09 4.42051e-10 -1.31447e-09 5.67709e-09 -1.18997e-08 -5.67476e-09 -1.73629e-09 -2.30388e-09 2.6337e-08 0.0275406 -0.0020885 0.00563103 0.0025654 0.00808569 -0.0022952 0.00902351 0.00346191 0.000487417 -0.00514739 -0.00427992 -0.00102107 0.0037621 -0.00181379 -0.00260058 0.0314178 -0.00162644 -0.000138808 -0.000533348 0.00159165 0.00154377 0.00108525 0.000536406 9.64648e-05 -0.000409606 0.000374409 0.00040015 0.000175331 4.33321e-05 0.000701108 0.00059615 -0.00570588
VAR 232.214 192.809 206.234 249.138 234.716 226.437 198.659 182.232 166.517 150.395 141.654 115.886 93.507 74.4139 53.9384 573.257 6.83438 7.33576 8.093 9.96756 10.9805 11.52 11.3785 11.5934 10.9787 10.183 9.43766 8.15868 6.87242 5.5385 4.23009 9.58321 0.911387 1.0367 1.19857 1.53963 1.76951 1.93311 1.95689 2.02495 1.95002 1.83501 1.70385 1.4874 1.26112 1.02312 0.789417 1.07406
'aa'
Q 3
Trans
-0.916291
-0.916291
-0.916291
MU 1.08346e-08 2.27316e-08 6.29223e-09 4.37296e-09 -1.03058e-08 4.41551e-09 -8.21096e-09 -7.01611e-09 4.42051e-10 -1.31447e-09 5.67709e-09 -1.18997e-08 -5.67476e-09 -1.73629e-09 -2.30388e-09 2.6337e-08 0.0275406 -0.0020885 0.00563103 0.0025654 0.00808569 -0.0022952 0.00902351 0.00346191 0.000487417 -0.00514739 -0.00427992 -0.00102107 0.0037621 -0.00181379 -0.00260058 0.0314178 -0.00162644 -0.000138808 -0.000533348 0.00159165 0.00154377 0.00108525 0.000536406 9.64648e-05 -0.000409606 0.000374409 0.00040015 0.000175331 4.33321e-05 0.000701108 0.00059615 -0.00570588
VAR 232.214 192.809 206.234 249.138 234.716 226.437 198.659 182.232 166.517 150.395 141.654 115.886 93.507 74.4139 53.9384 573.257 6.83438 7.33576 8.093 9.96756 10.9805 11.52 11.3785 11.5934 10.9787 10.183 9.43766 8.15868 6.87242 5.5385 4.23009 9.58321 0.911387 1.0367 1.19857 1.53963 1.76951 1.93311 1.95689 2.02495 1.95002 1.83501 1.70385 1.4874 1.26112 1.02312 0.789417 1.07406
MU 1.08346e-08 2.27316e-08 6.29223e-09 4.37296e-09 -1.03058e-08 4.41551e-09 -8.21096e-09 -7.01611e-09 4.42051e-10 -1.31447e-09 5.67709e-09 -1.18997e-08 -5.67476e-09 -1.73629e-09 -2.30388e-09 2.6337e-08 0.0275406 -0.0020885 0.00563103 0.0025654 0.00808569 -0.0022952 0.00902351 0.00346191 0.000487417 -0.00514739 -0.00427992 -0.00102107 0.0037621 -0.00181379 -0.00260058 0.0314178 -0.00162644 -0.000138808 -0.000533348 0.00159165 0.00154377 0.00108525 0.000536406 9.64648e-05 -0.000409606 0.000374409 0.00040015 0.000175331 4.33321e-05 0.000701108 0.00059615 -0.00570588
VAR 232.214 192.809 206.234 249.138 234.716 226.437 198.659 182.232 166.517 150.395 141.654 115.886 93.507 74.4139 53.9384 573.257 6.83438 7.33576 8.093 9.96756 10.9805 11.52 11.3785 11.5934 10.9787 10.183 9.43766 8.15868 6.87242 5.5385 4.23009 9.58321 0.911387 1.0367 1.19857 1.53963 1.76951 1.93311 1.95689 2.02495 1.95002 1.83501 1.70385 1.4874 1.26112 1.02312 0.789417 1.07406
MU 1.08346e-08 2.27316e-08 6.29223e-09 4.37296e-09 -1.03058e-08 4.41551e-09 -8.21096e-09 -7.01611e-09 4.42051e-10 -1.31447e-09 5.67709e-09 -1.18997e-08 -5.67476e-09 -1.73629e-09 -2.30388e-09 2.6337e-08 0.0275406 -0.0020885 0.00563103 0.0025654 0.00808569 -0.0022952 0.00902351 0.00346191 0.000487417 -0.00514739 -0.00427992 -0.00102107 0.0037621 -0.00181379 -0.00260058 0.0314178 -0.00162644 -0.000138808 -0.000533348 0.00159165 0.00154377 0.00108525 0.000536406 9.64648e-05 -0.000409606 0.000374409 0.00040015 0.000175331 4.33321e-05 0.000701108 0.00059615 -0.00570588
VAR 232.214 192.809 206.234 249.138 234.716 226.437 198.659 182.232 166.517 150.395 141.654 115.886 93.507 74.4139 53.9384 573.257 6.83438 7.33576 8.093 9.96756 10.9805 11.52 11.3785 11.5934 10.9787 10.183 9.43766 8.15868 6.87242 5.5385 4.23009 9.58321 0.911387 1.0367 1.19857 1.53963 1.76951 1.93311 1.95689 2.02495 1.95002 1.83501 1.70385 1.4874 1.26112 1.02312 0.789417 1.07406
'ae'
Q 3
Trans
-0.916291
-0.916291
-0.916291
MU 1.08346e-08 2.27316e-08 6.29223e-09 4.37296e-09 -1.03058e-08 4.41551e-09 -8.21096e-09 -7.01611e-09 4.42051e-10 -1.31447e-09 5.67709e-09 -1.18997e-08 -5.67476e-09 -1.73629e-09 -2.30388e-09 2.6337e-08 0.0275406 -0.0020885 0.00563103 0.0025654 0.00808569 -0.0022952 0.00902351 0.00346191 0.000487417 -0.00514739 -0.00427992 -0.00102107 0.0037621 -0.00181379 -0.00260058 0.0314178 -0.00162644 -0.000138808 -0.000533348 0.00159165 0.00154377 0.00108525 0.000536406 9.64648e-05 -0.000409606 0.000374409 0.00040015 0.000175331 4.33321e-05 0.000701108 0.00059615 -0.00570588
VAR 232.214 192.809 206.234 249.138 234.716 226.437 198.659 182.232 166.517 150.395 141.654 115.886 93.507 74.4139 53.9384 573.257 6.83438 7.33576 8.093 9.96756 10.9805 11.52 11.3785 11.5934 10.9787 10.183 9.43766 8.15868 6.87242 5.5385 4.23009 9.58321 0.911387 1.0367 1.19857 1.53963 1.76951 1.93311 1.95689 2.02495 1.95002 1.83501 1.70385 1.4874 1.26112 1.02312 0.789417 1.07406
MU 1.08346e-08 2.27316e-08 6.29223e-09 4.37296e-09 -1.03058e-08 4.41551e-09 -8.21096e-09 -7.01611e-09 4.42051e-10 -1.31447e-09 5.67709e-09 -1.18997e-08 -5.67476e-09 -1.73629e-09 -2.30388e-09 2.6337e-08 0.0275406 -0.0020885 0.00563103 0.0025654 0.00808569 -0.0022952 0.00902351 0.00346191 0.000487417 -0.00514739 -0.00427992 -0.00102107 0.0037621 -0.00181379 -0.00260058 0.0314178 -0.00162644 -0.000138808 -0.000533348 0.00159165 0.00154377 0.00108525 0.000536406 9.64648e-05 -0.000409606 0.000374409 0.00040015 0.000175331 4.33321e-05 0.000701108 0.00059615 -0.00570588
VAR 232.214 192.809 206.234 249.138 234.716 226.437 198.659 182.232 166.517 150.395 141.654 115.886 93.507 74.4139 53.9384 573.257 6.83438 7.33576 8.093 9.96756 10.9805 11.52 11.3785 11.5934 10.9787 10.183 9.43766 8.15868 6.87242 5.5385 4.23009 9.58321 0.911387 1.0367 1.19857 1.53963 1.76951 1.93311 1.95689 2.02495 1.95002 1.83501 1.70385 1.4874 1.26112 1.02312 0.789417 1.07406
MU 1.08346e-08 2.27316e-08 6.29223e-09 4.37296e-09 -1.03058e-08 4.41551e-09 -8.21096e-09 -7.01611e-09 4.42051e-10 -1.31447e-09 5.67709e-09 -1.18997e-08 -5.67476e-09 -1.73629e-09 -2.30388e-09 2.6337e-08 0.0275406 -0.0020885 0.00563103 0.0025654 0.00808569 -0.0022952 0.00902351 0.00346191 0.000487417 -0.00514739 -0.00427992 -0.00102107 0.0037621 -0.00181379 -0.00260058 0.0314178 -0.00162644 -0.000138808 -0.000533348 0.00159165 0.00154377 0.00108525 0.000536406 9.64648e-05 -0.000409606 0.000374409 0.00040015 0.000175331 4.33321e-05 0.000701108 0.00059615 -0.00570588
VAR 232.214 192.809 206.234 249.138 234.716 226.437 198.659 182.232 166.517 150.395 141.654 115.886 93.507 74.4139 53.9384 573.257 6.83438 7.33576 8.093 9.96756 10.9805 11.52 11.3785 11.5934 10.9787 10.183 9.43766 8.15868 6.87242 5.5385 4.23009 9.58321 0.911387 1.0367 1.19857 1.53963 1.76951 1.93311 1.95689 2.02495 1.95002 1.83501 1.70385 1.4874 1.26112 1.02312 0.789417 1.07406
'ah'
Q 3
Trans
-0.916291
-0.916291
-0.916291
MU 1.08346e-08 2.27316e-08 6.29223e-09 4.37296e-09 -1.03058e-08 4.41551e-09 -8.21096e-09 -7.01611e-09 4.42051e-10 -1.31447e-09 5.67709e-09 -1.18997e-08 -5.67476e-09 -1.73629e-09 -2.30388e-09 2.6337e-08 0.0275406 -0.0020885 0.00563103 0.0025654 0.00808569 -0.0022952 0.00902351 0.00346191 0.000487417 -0.00514739 -0.00427992 -0.00102107 0.0037621 -0.00181379 -0.00260058 0.0314178 -0.00162644 -0.000138808 -0.000533348 0.00159165 0.00154377 0.00108525 0.000536406 9.64648e-05 -0.000409606 0.000374409 0.00040015 0.000175331 4.33321e-05 0.000701108 0.00059615 -0.00570588
VAR 232.214 192.809 206.234 249.138 234.716 226.437 198.659 182.232 166.517 150.395 141.654 115.886 93.507 74.4139 53.9384 573.257 6.83438 7.33576 8.093 9.96756 10.9805 11.52 11.3785 11.5934 10.9787 10.183 9.43766 8.15868 6.87242 5.5385 4.23009 9.58321 0.911387 1.0367 1.19857 1.53963 1.76951 1.93311 1.95689 2.02495 1.95002 1.83501 1.70385 1.4874 1.26112 1.02312 0.789417 1.07406
MU 1.08346e-08 2.27316e-08 6.29223e-09 4.37296e-09 -1.03058e-08 4.41551e-09 -8.21096e-09 -7.01611e-09 4.42051e-10 -1.31447e-09 5.67709e-09 -1.18997e-08 -5.67476e-09 -1.73629e-09 -2.30388e-09 2.6337e-08 0.0275406 -0.0020885 0.00563103 0.0025654 0.00808569 -0.0022952 0.00902351 0.00346191 0.000487417 -0.00514739 -0.00427992 -0.00102107 0.0037621 -0.00181379 -0.00260058 0.0314178 -0.00162644 -0.000138808 -0.000533348 0.00159165 0.00154377 0.00108525 0.000536406 9.64648e-05 -0.000409606 0.000374409 0.00040015 0.000175331 4.33321e-05 0.000701108 0.00059615 -0.00570588
VAR 232.214 192.809 206.234 249.138 234.716 226.437 198.659 182.232 166.517 150.395 141.654 115.886 93.507 74.4139 53.9384 573.257 6.83438 7.33576 8.093 9.96756 10.9805 11.52 11.3785 11.5934 10.9787 10.183 9.43766 8.15868 6.87242 5.5385 4.23009 9.58321 0.911387 1.0367 1.19857 1.53963 1.76951 1.93311 1.95689 2.02495 1.95002 1.83501 1.70385 1.4874 1.26112 1.02312 0.789417 1.07406
MU 1.08346e-08 2.27316e-08 6.29223e-09 4.37296e-09 -1.03058e-08 4.41551e-09 -8.21096e-09 -7.01611e-09 4.42051e-10 -1.31447e-09 5.67709e-09 -1.18997e-08 -5.67476e-09 -1.73629e-09 -2.30388e-09 2.6337e-08 0.0275406 -0.0020885 0.00563103 0.0025654 0.00808569 -0.0022952 0.00902351 0.00346191 0.000487417 -0.00514739 -0.00427992 -0.00102107 0.0037621 -0.00181379 -0.00260058 0.0314178 -0.00162644 -0.000138808 -0.000533348 0.00159165 0.00154377 0.00108525 0.000536406 9.64648e-05 -0.000409606 0.000374409 0.00040015 0.000175331 4.33321e-05 0.000701108 0.00059615 -0.00570588
VAR 232.214 192.809 206.234 249.138 234.716 226.437 198.659 182.232 166.517 150.395 141.654 115.886 93.507 74.4139 53.9384 573.257 6.83438 7.33576 8.093 9.96756 10.9805 11.52 11.3785 11.5934 10.9787 10.183 9.43766 8.15868 6.87242 5.5385 4.23009 9.58321 0.911387 1.0367 1.19857 1.53963 1.76951 1.93311 1.95689 2.02495 1.95002 1.83501 1.70385 1.4874 1.26112 1.02312 0.789417 1.07406
'ao'
Q 3
Trans
-0.916291
-0.916291
-0.916291
MU 1.08346e-08 2.27316e-08 6.29223e-09 4.37296e-09 -1.03058e-08 4.41551e-09 -8.21096e-09 -7.01611e-09 4.42051e-10 -1.31447e-09 5.67709e-09 -1.18997e-08 -5.67476e-09 -1.73629e-09 -2.30388e-09 2.6337e-08 0.0275406 -0.0020885 0.00563103 0.0025654 0.00808569 -0.0022952 0.00902351 0.00346191 0.000487417 -0.00514739 -0.00427992 -0.00102107 0.0037621 -0.00181379 -0.00260058 0.0314178 -0.00162644 -0.000138808 -0.000533348 0.00159165 0.00154377 0.00108525 0.000536406 9.64648e-05 -0.000409606 0.000374409 0.00040015 0.000175331 4.33321e-05 0.000701108 0.00059615 -0.00570588
VAR 232.214 192.809 206.234 249.138 234.716 226.437 198.659 182.232 166.517 150.395 141.654 115.886 93.507 74.4139 53.9384 573.257 6.83438 7.33576 8.093 9.96756 10.9805 11.52 11.3785 11.5934 10.9787 10.183 9.43766 8.15868 6.87242 5.5385 4.23009 9.58321 0.911387 1.0367 1.19857 1.53963 1.76951 1.93311 1.95689 2.02495 1.95002 1.83501 1.70385 1.4874 1.26112 1.02312 0.789417 1.07406
MU 1.08346e-08 2.27316e-08 6.29223e-09 4.37296e-09 -1.03058e-08 4.41551e-09 -8.21096e-09 -7.01611e-09 4.42051e-10 -1.31447e-09 5.67709e-09 -1.18997e-08 -5.67476e-09 -1.73629e-09 -2.30388e-09 2.6337e-08 0.0275406 -0.0020885 0.00563103 0.0025654 0.00808569 -0.0022952 0.00902351 0.00346191 0.000487417 -0.00514739 -0.00427992 -0.00102107 0.0037621 -0.00181379 -0.00260058 0.0314178 -0.00162644 -0.000138808 -0.000533348 0.00159165 0.00154377 0.00108525 0.000536406 9.64648e-05 -0.000409606 0.000374409 0.00040015 0.000175331 4.33321e-05 0.000701108 0.00059615 -0.00570588
VAR 232.214 192.809 206.234 249.138 234.716 226.437 198.659 182.232 166.517 150.395 141.654 115.886 93.507 74.4139 53.9384 573.257 6.83438 7.33576 8.093 9.96756 10.9805 11.52 11.3785 11.5934 10.9787 10.183 9.43766 8.15868 6.87242 5.5385 4.23009 9.58321 0.911387 1.0367 1.19857 1.53963 1.76951 1.93311 1.95689 2.02495 1.95002 1.83501 1.70385 1.4874 1.26112 1.02312 0.789417 1.07406
MU 1.08346e-08 2.27316e-08 6.29223e-09 4.37296e-09 -1.03058e-08 4.41551e-09 -8.21096e-09 -7.01611e-09 4.42051e-10 -1.31447e-09 5.67709e-09 -1.18997e-08 -5.67476e-09 -1.73629e-09 -2.30388e-09 2.6337e-08 0.0275406 -0.0020885 0.00563103 0.0025654 0.00808569 -0.0022952 0.00902351 0.00346191 0.000487417 -0.00514739 -0.00427992 -0.00102107 0.0037621 -0.00181379 -0.00260058 0.0314178 -0.00162644 -0.000138808 -0.000533348 0.00159165 0.00154377 0.00108525 0.000536406 9.64648e-05 -0.000409606 0.000374409 0.00040015 0.000175331 4.33321e-05 0.000701108 0.00059615 -0.00570588
VAR 232.214 192.809 206.234 249.138 234.716 226.437 198.659 182.232 166.517 150.395 141.654 115.886 93.507 74.4139 53.9384 573.257 6.83438 7.33576 8.093 9.96756 10.9805 11.52 11.3785 11.5934 10.9787 10.183 9.43766 8.15868 6.87242 5.5385 4.23009 9.58321 0.911387 1.0367 1.19857 1.53963 1.76951 1.93311 1.95689 2.02495 1.95002 1.83501 1.70385 1.4874 1.26112 1.02312 0.789417 1.07406
'aw'
Q 3
Trans
-0.916291
-0.916291
-0.916291
MU 1.08346e-08 2.27316e-08 6.29223e-09 4.37296e-09 -1.03058e-08 4.41551e-09 -8.21096e-09 -7.01611e-09 4.42051e-10 -1.31447e-09 5.67709e-09 -1.18997e-08 -5.67476e-09 -1.73629e-09 -2.30388e-09 2.6337e-08 0.0275406 -0.0020885 0.00563103 0.0025654 0.00808569 -0.0022952 0.00902351 0.00346191 0.000487417 -0.00514739 -0.00427992 -0.00102107 0.0037621 -0.00181379 -0.00260058 0.0314178 -0.00162644 -0.000138808 -0.000533348 0.00159165 0.00154377 0.00108525 0.000536406 9.64648e-05 -0.000409606 0.000374409 0.00040015 0.000175331 4.33321e-05 0.000701108 0.00059615 -0.00570588
VAR 232.214 192.809 206.234 249.138 234.716 226.437 198.659 182.232 166.517 150.395 141.654 115.886 93.507 74.4139 53.9384 573.257 6.83438 7.33576 8.093 9.96756 10.9805 11.52 11.3785 11.5934 10.9787 10.183 9.43766 8.15868 6.87242 5.5385 4.23009 9.58321 0.911387 1.0367 1.19857 1.53963 1.76951 1.93311 1.95689 2.02495 1.95002 1.83501 1.70385 1.4874 1.26112 1.02312 0.789417 1.07406
MU 1.08346e-08 2.27316e-08 6.29223e-09 4.37296e-09 -1.03058e-08 4.41551e-09 -8.21096e-09 -7.01611e-09 4.42051e-10 -1.31447e-09 5.67709e-09 -1.18997e-08 -5.67476e-09 -1.73629e-09 -2.30388e-09 2.6337e-08 0.0275406 -0.0020885 0.00563103 0.0025654 0.00808569 -0.0022952 0.00902351 0.00346191 0.000487417 -0.00514739 -0.00427992 -0.00102107 0.0037621 -0.00181379 -0.00260058 0.0314178 -0.00162644 -0.000138808 -0.000533348 0.00159165 0.00154377 0.00108525 0.000536406 9.64648e-05 -0.000409606 0.000374409 0.00040015 0.000175331 4.33321e-05 0.000701108 0.00059615 -0.00570588
VAR 232.214 192.809 206.234 249.138 234.716 226.437 198.659 182.232 166.517 150.395 141.654 115.886 93.507 74.4139 53.9384 573.257 6.83438 7.33576 8.093 9.96756 10.9805 11.52 11.3785 11.5934 10.9787 10.183 9.43766 8.15868 6.87242 5.5385 4.23009 9.58321 0.911387 1.0367 1.19857 1.53963 1.76951 1.93311 1.95689 2.02495 1.95002 1.83501 1.70385 1.4874 1.26112 1.02312 0.789417 1.07406
MU 1.08346e-08 2.27316e-08 6.29223e-09 4.37296e-09 -1.03058e-08 4.41551e-09 -8.21096e-09 -7.01611e-09 4.42051e-10 -1.31447e-09 5.67709e-09 -1.18997e-08 -5.67476e-09 -1.73629e-09 -2.30388e-09 2.6337e-08 0.0275406 -0.0020885 0.00563103 0.0025654 0.00808569 -0.0022952 0.00902351 0.00346191 0.000487417 -0.00514739 -0.00427992 -0.00102107 0.0037621 -0.00181379 -0.00260058 0.0314178 -0.00162644 -0.000138808 -0.000533348 0.00159165 0.00154377 0.00108525 0.000536406 9.64648e-05 -0.000409606 0.000374409 0.00040015 0.000175331 4.33321e-05 0.000701108 0.00059615 -0.00570588
VAR 232.214 192.809 206.234 249.138 234.716 226.437 198.659 182.232 166.517 150.395 141.654 115.886 93.507 74.4139 53.9384 573.257 6.83438 7.33576 8.093 9.96756 10.9805 11.52 11.3785 11.5934 10.9787 10.183 9.43766 8.15868 6.87242 5.5385 4.23009 9.58321 0.911387 1.0367 1.19857 1.53963 1.76951 1.93311 1.95689 2.02495 1.95002 1.83501 1.70385 1.4874 1.26112 1.02312 0.789417 1.07406
'ay'
Q 3
Trans
-0.916291
-0.916291
-0.916291
MU 1.08346e-08 2.27316e-08 6.29223e-09 4.37296e-09 -1.03058e-08 4.41551e-09 -8.21096e-09 -7.01611e-09 4.42051e-10 -1.31447e-09 5.67709e-09 -1.18997e-08 -5.67476e-09 -1.73629e-09 -2.30388e-09 2.6337e-08 0.0275406 -0.0020885 0.00563103 0.0025654 0.00808569 -0.0022952 0.00902351 0.00346191 0.000487417 -0.00514739 -0.00427992 -0.00102107 0.0037621 -0.00181379 -0.00260058 0.0314178 -0.00162644 -0.000138808 -0.000533348 0.00159165 0.00154377 0.00108525 0.000536406 9.64648e-05 -0.000409606 0.000374409 0.00040015 0.000175331 4.33321e-05 0.000701108 0.00059615 -0.00570588
VAR 232.214 192.809 206.234 249.138 234.716 226.437 198.659 182.232 166.517 150.395 141.654 115.886 93.507 74.4139 53.9384 573.257 6.83438 7.33576 8.093 9.96756 10.9805 11.52 11.3785 11.5934 10.9787 10.183 9.43766 8.15868 6.87242 5.5385 4.23009 9.58321 0.911387 1.0367 1.19857 1.53963 1.76951 1.93311 1.95689 2.02495 1.95002 1.83501 1.70385 1.4874 1.26112 1.02312 0.789417 1.07406
MU 1.08346e-08 2.27316e-08 6.29223e-09 4.37296e-09 -1.03058e-08 4.41551e-09 -8.21096e-09 -7.01611e-09 4.42051e-10 -1.31447e-09 5.67709e-09 -1.18997e-08 -5.67476e-09 -1.73629e-09 -2.30388e-09 2.6337e-08 0.0275406 -0.0020885 0.00563103 0.0025654 0.00808569 -0.0022952 0.00902351 0.00346191 0.000487417 -0.00514739 -0.00427992 -0.00102107 0.0037621 -0.00181379 -0.00260058 0.0314178 -0.00162644 -0.000138808 -0.000533348 0.00159165 0.00154377 0.00108525 0.000536406 9.64648e-05 -0.000409606 0.000374409 0.00040015 0.000175331 4.33321e-05 0.000701108 0.00059615 -0.00570588
VAR 232.214 192.809 206.234 249.138 234.716 226.437 198.659 182.232 166.517 150.395 141.654 115.886 93.507 74.4139 53.9384 573.257 6.83438 7.33576 8.093 9.96756 10.9805 11.52 11.3785 11.5934 10.9787 10.183 9.43766 8.15868 6.87242 5.5385 4.23009 9.58321 0.911387 1.0367 1.19857 1.53963 1.76951 1.93311 1.95689 2.02495 1.95002 1.83501 1.70385 1.4874 1.26112 1.02312 0.789417 1.07406
MU 1.08346e-08 2.27316e-08 6.29223e-09 4.37296e-09 -1.03058e-08 4.41551e-09 -8.21096e-09 -7.01611e-09 4.42051e-10 -1.31447e-09 5.67709e-09 -1.18997e-08 -5.67476e-09 -1.73629e-09 -2.30388e-09 2.6337e-08 0.0275406 -0.0020885 0.00563103 0.0025654 0.00808569 -0.0022952 0.00902351 0.00346191 0.000487417 -0.00514739 -0.00427992 -0.00102107 0.0037621 -0.00181379 -0.00260058 0.0314178 -0.00162644 -0.000138808 -0.000533348 0.00159165 0.00154377 0.00108525 0.000536406 9.64648e-05 -0.000409606 0.000374409 0.00040015 0.000175331 4.33321e-05 0.000701108 0.00059615 -0.00570588
VAR 232.214 192.809 206.234 249.138 234.716 226.437 198.659 182.232 166.517 150.395 141.654 115.886 93.507 74.4139 53.9384 573.257 6.83438 7.33576 8.093 9.96756 10.9805 11.52 11.3785 11.5934 10.9787 10.183 9.43766 8.15868 6.87242 5.5385 4.23009 9.58321 0.911387 1.0367 1.19857 1.53963 1.76951 1.93311 1.95689 2.02495 1.95002 1.83501 1.70385 1.4874 1.26112 1.02312 0.789417 1.07406
'b'
Q 3
Trans
-0.916291
-0.916291
-0.916291
MU 1.08346e-08 2.27316e-08 6.29223e-09 4.37296e-09 -1.03058e-08 4.41551e-09 -8.21096e-09 -7.01611e-09 4.42051e-10 -1.31447e-09 5.67709e-09 -1.18997e-08 -5.67476e-09 -1.73629e-09 -2.30388e-09 2.6337e-08 0.0275406 -0.0020885 0.00563103 0.0025654 0.00808569 -0.0022952 0.00902351 0.00346191 0.000487417 -0.00514739 -0.00427992 -0.00102107 0.0037621 -0.00181379 -0.00260058 0.0314178 -0.00162644 -0.000138808 -0.000533348 0.00159165 0.00154377 0.00108525 0.000536406 9.64648e-05 -0.000409606 0.000374409 0.00040015 0.000175331 4.33321e-05 0.000701108 0.00059615 -0.00570588
VAR 232.214 192.809 206.234 249.138 234.716 226.437 198.659 182.232 166.517 150.395 141.654 115.886 93.507 74.4139 53.9384 573.257 6.83438 7.33576 8.093 9.96756 10.9805 11.52 11.3785 11.5934 10.9787 10.183 9.43766 8.15868 6.87242 5.5385 4.23009 9.58321 0.911387 1.0367 1.19857 1.53963 1.76951 1.93311 1.95689 2.02495 1.95002 1.83501 1.70385 1.4874 1.26112 1.02312 0.789417 1.07406
MU 1.08346e-08 2.27316e-08 6.29223e-09 4.37296e-09 -1.03058e-08 4.41551e-09 -8.21096e-09 -7.01611e-09 4.42051e-10 -1.31447e-09 5.67709e-09 -1.18997e-08 -5.67476e-09 -1.73629e-09 -2.30388e-09 2.6337e-08 0.0275406 -0.0020885 0.00563103 0.0025654 0.00808569 -0.0022952 0.00902351 0.00346191 0.000487417 -0.00514739 -0.00427992 -0.00102107 0.0037621 -0.00181379 -0.00260058 0.0314178 -0.00162644 -0.000138808 -0.000533348 0.00159165 0.00154377 0.00108525 0.000536406 9.64648e-05 -0.000409606 0.000374409 0.00040015 0.000175331 4.33321e-05 0.000701108 0.00059615 -0.00570588
VAR 232.214 192.809 206.234 249.138 234.716 226.437 198.659 182.232 166.517 150.395 141.654 115.886 93.507 74.4139 53.9384 573.257 6.83438 7.33576 8.093 9.96756 10.9805 11.52 11.3785 11.5934 10.9787 10.183 9.43766 8.15868 6.87242 5.5385 4.23009 9.58321 0.911387 1.0367 1.19857 1.53963 1.76951 1.93311 1.95689 2.02495 1.95002 1.83501 1.70385 1.4874 1.26112 1.02312 0.789417 1.07406
MU 1.08346e-08 2.27316e-08 6.29223e-09 4.37296e-09 -1.03058e-08 4.41551e-09 -8.21096e-09 -7.01611e-09 4.42051e-10 -1.31447e-09 5.67709e-09 -1.18997e-08 -5.67476e-09 -1.73629e-09 -2.30388e-09 2.6337e-08 0.0275406 -0.0020885 0.00563103 0.0025654 0.00808569 -0.0022952 0.00902351 0.00346191 0.000487417 -0.00514739 -0.00427992 -0.00102107 0.0037621 -0.00181379 -0.00260058 0.0314178 -0.00162644 -0.000138808 -0.000533348 0.00159165 0.00154377 0.00108525 0.000536406 9.64648e-05 -0.000409606 0.000374409 0.00040015 0.000175331 4.33321e-05 0.000701108 0.00059615 -0.00570588
VAR 232.214 192.809 206.234 249.138 234.716 226.437 198.659 182.232 166.517 150.395 141.654 115.886 93.507 74.4139 53.9384 573.257 6.83438 7.33576 8.093 9.96756 10.9805 11.52 11.3785 11.5934 10.9787 10.183 9.43766 8.15868 6.87242 5.5385 4.23009 9.58321 0.911387 1.0367 1.19857 1.53963 1.76951 1.93311 1.95689 2.02495 1.95002 1.83501 1.70385 1.4874 1.26112 1.02312 0.789417 1.07406
'd'
Q 3
Trans
-0.916291
-0.916291
-0.916291
MU 1.08346e-08 2.27316e-08 6.29223e-09 4.37296e-09 -1.03058e-08 4.41551e-09 -8.21096e-09 -7.01611e-09 4.42051e-10 -1.31447e-09 5.67709e-09 -1.18997e-08 -5.67476e-09 -1.73629e-09 -2.30388e-09 2.6337e-08 0.0275406 -0.0020885 0.00563103 0.0025654 0.00808569 -0.0022952 0.00902351 0.00346191 0.000487417 -0.00514739 -0.00427992 -0.00102107 0.0037621 -0.00181379 -0.00260058 0.0314178 -0.00162644 -0.000138808 -0.000533348 0.00159165 0.00154377 0.00108525 0.000536406 9.64648e-05 -0.000409606 0.000374409 0.00040015 0.000175331 4.33321e-05 0.000701108 0.00059615 -0.00570588
VAR 232.214 192.809 206.234 249.138 234.716 226.437 198.659 182.232 166.517 150.395 141.654 115.886 93.507 74.4139 53.9384 573.257 6.83438 7.33576 8.093 9.96756 10.9805 11.52 11.3785 11.5934 10.9787 10.183 9.43766 8.15868 6.87242 5.5385 4.23009 9.58321 0.911387 1.0367 1.19857 1.53963 1.76951 1.93311 1.95689 2.02495 1.95002 1.83501 1.70385 1.4874 1.26112 1.02312 0.789417 1.07406
MU 1.08346e-08 2.27316e-08 6.29223e-09 4.37296e-09 -1.03058e-08 4.41551e-09 -8.21096e-09 -7.01611e-09 4.42051e-10 -1.31447e-09 5.67709e-09 -1.18997e-08 -5.67476e-09 -1.73629e-09 -2.30388e-09 2.6337e-08 0.0275406 -0.0020885 0.00563103 0.0025654 0.00808569 -0.0022952 0.00902351 0.00346191 0.000487417 -0.00514739 -0.00427992 -0.00102107 0.0037621 -0.00181379 -0.00260058 0.0314178 -0.00162644 -0.000138808 -0.000533348 0.00159165 0.00154377 0.00108525 0.000536406 9.64648e-05 -0.000409606 0.000374409 0.00040015 0.000175331 4.33321e-05 0.000701108 0.00059615 -0.00570588
VAR 232.214 192.809 206.234 249.138 234.716 226.437 198.659 182.232 166.517 150.395 141.654 115.886 93.507 74.4139 53.9384 573.257 6.83438 7.33576 8.093 9.96756 10.9805 11.52 11.3785 11.5934 10.9787 10.183 9.43766 8.15868 6.87242 5.5385 4.23009 9.58321 0.911387 1.0367 1.19857 1.53963 1.76951 1.93311 1.95689 2.02495 1.95002 1.83501 1.70385 1.4874 1.26112 1.02312 0.789417 1.07406
MU 1.08346e-08 2.27316e-08 6.29223e-09 4.37296e-09 -1.03058e-08 4.41551e-09 -8.21096e-09 -7.01611e-09 4.42051e-10 -1.31447e-09 5.67709e-09 -1.18997e-08 -5.67476e-09 -1.73629e-09 -2.30388e-09 2.6337e-08 0.0275406 -0.0020885 0.00563103 0.0025654 0.00808569 -0.0022952 0.00902351 0.00346191 0.000487417 -0.00514739 -0.00427992 -0.00102107 0.0037621 -0.00181379 -0.00260058 0.0314178 -0.00162644 -0.000138808 -0.000533348 0.00159165 0.00154377 0.00108525 0.000536406 9.64648e-05 -0.000409606 0.000374409 0.00040015 0.000175331 4.33321e-05 0.000701108 0.00059615 -0.00570588
VAR 232.214 192.809 206.234 249.138 234.716 226.437 198.659 182.232 166.517 150.395 141.654 115.886 93.507 74.4139 53.9384 573.257 6.83438 7.33576 8.093 9.96756 10.9805 11.52 11.3785 11.5934 10.9787 10.183 9.43766 8.15868 6.87242 5.5385 4.23009 9.58321 0.911387 1.0367 1.19857 1.53963 1.76951 1.93311 1.95689 2.02495 1.95002 1.83501 1.70385 1.4874 1.26112 1.02312 0.789417 1.07406
'eh'
Q 3
Trans
-0.916291
-0.916291
-0.916291
MU 1.08346e-08 2.27316e-08 6.29223e-09 4.37296e-09 -1.03058e-08 4.41551e-09 -8.21096e-09 -7.01611e-09 4.42051e-10 -1.31447e-09 5.67709e-09 -1.18997e-08 -5.67476e-09 -1.73629e-09 -2.30388e-09 2.6337e-08 0.0275406 -0.0020885 0.00563103 0.0025654 0.00808569 -0.0022952 0.00902351 0.00346191 0.000487417 -0.00514739 -0.00427992 -0.00102107 0.0037621 -0.00181379 -0.00260058 0.0314178 -0.00162644 -0.000138808 -0.000533348 0.00159165 0.00154377 0.00108525 0.000536406 9.64648e-05 -0.000409606 0.000374409 0.00040015 0.000175331 4.33321e-05 0.000701108 0.00059615 -0.00570588
VAR 232.214 192.809 206.234 249.138 234.716 226.437 198.659 182.232 166.517 150.395 141.654 115.886 93.507 74.4139 53.9384 573.257 6.83438 7.33576 8.093 9.96756 10.9805 11.52 11.3785 11.5934 10.9787 10.183 9.43766 8.15868 6.87242 5.5385 4.23009 9.58321 0.911387 1.0367 1.19857 1.53963 1.76951 1.93311 1.95689 2.02495 1.95002 1.83501 1.70385 1.4874 1.26112 1.02312 0.789417 1.07406
MU 1.08346e-08 2.27316e-08 6.29223e-09 4.37296e-09 -1.03058e-08 4.41551e-09 -8.21096e-09 -7.01611e-09 4.42051e-10 -1.31447e-09 5.67709e-09 -1.18997e-08 -5.67476e-09 -1.73629e-09 -2.30388e-09 2.6337e-08 0.0275406 -0.0020885 0.00563103 0.0025654 0.00808569 -0.0022952 0.00902351 0.00346191 0.000487417 -0.00514739 -0.00427992 -0.00102107 0.0037621 -0.00181379 -0.00260058 0.0314178 -0.00162644 -0.000138808 -0.000533348 0.00159165 0.00154377 0.00108525 0.000536406 9.64648e-05 -0.000409606 0.000374409 0.00040015 0.000175331 4.33321e-05 0.000701108 0.00059615 -0.00570588
VAR 232.214 192.809 206.234 249.138 234.716 226.437 198.659 182.232 166.517 150.395 141.654 115.886 93.507 74.4139 53.9384 573.257 6.83438 7.33576 8.093 9.96756 10.9805 11.52 11.3785 11.5934 10.9787 10.183 9.43766 8.15868 6.87242 5.5385 4.23009 9.58321 0.911387 1.0367 1.19857 1.53963 1.76951 1.93311 1.95689 2.02495 1.95002 1.83501 1.70385 1.4874 1.26112 1.02312 0.789417 1.07406
MU 1.08346e-08 2.27316e-08 6.29223e-09 4.37296e-09 -1.03058e-08 4.41551e-09 -8.21096e-09 -7.01611e-09 4.42051e-10 -1.31447e-09 5.67709e-09 -1.18997e-08 -5.67476e-09 -1.73629e-09 -2.30388e-09 2.6337e-08 0.0275406 -0.0020885 0.00563103 0.0025654 0.00808569 -0.0022952 0.00902351 0.00346191 0.000487417 -0.00514739 -0.00427992 -0.00102107 0.0037621 -0.00181379 -0.00260058 0.0314178 -0.00162644 -0.000138808 -0.000533348 0.00159165 0.00154377 0.00108525 0.000536406 9.64648e-05 -0.000409606 0.000374409 0.00040015 0.000175331 4.33321e-05 0.000701108 0.00059615 -0.00570588
VAR 232.214 192.809 206.234 249.138 234.716 226.437 198.659 182.232 166.517 150.395 141.654 115.886 93.507 74.4139 53.9384 573.257 6.83438 7.33576 8.093 9.96756 10.9805 11.52 11.3785 11.5934 10.9787 10.183 9.43766 8.15868 6.87242 5.5385 4.23009 9.58321 0.911387 1.0367 1.19857 1.53963 1.76951 1.93311 1.95689 2.02495 1.95002 1.83501 1.70385 1.4874 1.26112 1.02312 0.789417 1.07406
'er'
Q 3
Trans
-0.916291
-0.916291
-0.916291
MU 1.08346e-08 2.27316e-08 6.29223e-09 4.37296e-09 -1.03058e-08 4.41551e-09 -8.21096e-09 -7.01611e-09 4.42051e-10 -1.31447e-09 5.67709e-09 -1.18997e-08 -5.67476e-09 -1.73629e-09 -2.30388e-09 2.6337e-08 0.0275406 -0.0020885 0.00563103 0.0025654 0.00808569 -0.0022952 0.00902351 0.00346191 0.000487417 -0.00514739 -0.00427992 -0.00102107 0.0037621 -0.00181379 -0.00260058 0.0314178 -0.00162644 -0.000138808 -0.000533348 0.00159165 0.00154377 0.00108525 0.000536406 9.64648e-05 -0.000409606 0.000374409 0.00040015 0.000175331 4.33321e-05 0.000701108 0.00059615 -0.00570588
VAR 232.214 192.809 206.234 249.138 234.716 226.437 198.659 182.232 166.517 150.395 141.654 115.886 93.507 74.4139 53.9384 573.257 6.83438 7.33576 8.093 9.96756 10.9805 11.52 11.3785 11.5934 10.9787 10.183 9.43766 8.15868 6.87242 5.5385 4.23009 9.58321 0.911387 1.0367 1.19857 1.53963 1.76951 1.93311 1.95689 2.02495 1.95002 1.83501 1.70385 1.4874 1.26112 1.02312 0.789417 1.07406
MU 1.08346e-08 2.27316e-08 6.29223e-09 4.37296e-09 -1.03058e-08 4.41551e-09 -8.21096e-09 -7.01611e-09 4.42051e-10 -1.31447e-09 5.67709e-09 -1.18997e-08 -5.67476e-09 -1.73629e-09 -2.30388e-09 2.6337e-08 0.0275406 -0.0020885 0.00563103 0.0025654 0.00808569 -0.0022952 0.00902351 0.00346191 0.000487417 -0.00514739 -0.00427992 -0.00102107 0.0037621 -0.00181379 -0.00260058 0.0314178 -0.00162644 -0.000138808 -0.000533348 0.00159165 0.00154377 0.00108525 0.000536406 9.64648e-05 -0.000409606 0.000374409 0.00040015 0.000175331 4.33321e-05 0.000701108 0.00059615 -0.00570588
VAR 232.214 192.809 206.234 249.138 234.716 226.437 198.659 182.232 166.517 150.395 141.654 115.886 93.507 74.4139 53.9384 573.257 6.83438 7.33576 8.093 9.96756 10.9805 11.52 11.3785 11.5934 10.9787 10.183 9.43766 8.15868 6.87242 5.5385 4.23009 9.58321 0.911387 1.0367 1.19857 1.53963 1.76951 1.93311 1.95689 2.02495 1.95002 1.83501 1.70385 1.4874 1.26112 1.02312 0.789417 1.07406
MU 1.08346e-08 2.27316e-08 6.29223e-09 4.37296e-09 -1.03058e-08 4.41551e-09 -8.21096e-09 -7.01611e-09 4.42051e-10 -1.31447e-09 5.67709e-09 -1.18997e-08 -5.67476e-09 -1.73629e-09 -2.30388e-09 2.6337e-08 0.0275406 -0.0020885 0.00563103 0.0025654 0.00808569 -0.0022952 0.00902351 0.00346191 0.000487417 -0.00514739 -0.00427992 -0.00102107 0.0037621 -0.00181379 -0.00260058 0.0314178 -0.00162644 -0.000138808 -0.000533348 0.00159165 0.00154377 0.00108525 0.000536406 9.64648e-05 -0.000409606 0.000374409 0.00040015 0.000175331 4.33321e-05 0.000701108 0.00059615 -0.00570588
VAR 232.214 192.809 206.234 249.138 234.716 226.437 198.659 182.232 166.517 150.395 141.654 115.886 93.507 74.4139 53.9384 573.257 6.83438 7.33576 8.093 9.96756 10.9805 11.52 11.3785 11.5934 10.9787 10.183 9.43766 8.15868 6.87242 5.5385 4.23009 9.58321 0.911387 1.0367 1.19857 1.53963 1.76951 1.93311 1.95689 2.02495 1.95002 1.83501 1.70385 1.4874 1.26112 1.02312 0.789417 1.07406
'ey'
Q 3
Trans
-0.916291
-0.916291
-0.916291
MU 1.08346e-08 2.27316e-08 6.29223e-09 4.37296e-09 -1.03058e-08 4.41551e-09 -8.21096e-09 -7.01611e-09 4.42051e-10 -1.31447e-09 5.67709e-09 -1.18997e-08 -5.67476e-09 -1.73629e-09 -2.30388e-09 2.6337e-08 0.0275406 -0.0020885 0.00563103 0.0025654 0.00808569 -0.0022952 0.00902351 0.00346191 0.000487417 -0.00514739 -0.00427992 -0.00102107 0.0037621 -0.00181379 -0.00260058 0.0314178 -0.00162644 -0.000138808 -0.000533348 0.00159165 0.00154377 0.00108525 0.000536406 9.64648e-05 -0.000409606 0.000374409 0.00040015 0.000175331 4.33321e-05 0.000701108 0.00059615 -0.00570588
VAR 232.214 192.809 206.234 249.138 234.716 226.437 198.659 182.232 166.517 150.395 141.654 115.886 93.507 74.4139 53.9384 573.257 6.83438 7.33576 8.093 9.96756 10.9805 11.52 11.3785 11.5934 10.9787 10.183 9.43766 8.15868 6.87242 5.5385 4.23009 9.58321 0.911387 1.0367 1.19857 1.53963 1.76951 1.93311 1.95689 2.02495 1.95002 1.83501 1.70385 1.4874 1.26112 1.02312 0.789417 1.07406
MU 1.08346e-08 2.27316e-08 6.29223e-09 4.37296e-09 -1.03058e-08 4.41551e-09 -8.21096e-09 -7.01611e-09 4.42051e-10 -1.31447e-09 5.67709e-09 -1.18997e-08 -5.67476e-09 -1.73629e-09 -2.30388e-09 2.6337e-08 0.0275406 -0.0020885 0.00563103 0.0025654 0.00808569 -0.0022952 0.00902351 0.00346191 0.000487417 -0.00514739 -0.00427992 -0.00102107 0.0037621 -0.00181379 -0.00260058 0.0314178 -0.00162644 -0.000138808 -0.000533348 0.00159165 0.00154377 0.00108525 0.000536406 9.64648e-05 -0.000409606 0.000374409 0.00040015 0.000175331 4.33321e-05 0.000701108 0.00059615 -0.00570588
VAR 232.214 192.809 206.234 249.138 234.716 226.437 198.659 182.232 166.517 150.395 141.654 115.886 93.507 74.4139 53.9384 573.257 6.83438 7.33576 8.093 9.96756 10.9805 11.52 11.3785 11.5934 10.9787 10.183 9.43766 8.15868 6.87242 5.5385 4.23009 9.58321 0.911387 1.0367 1.19857 1.53963 1.76951 1.93311 1.95689 2.02495 1.95002 1.83501 1.70385 1.4874 1.26112 1.02312 0.789417 1.07406
MU 1.08346e-08 2.27316e-08 6.29223e-09 4.37296e-09 -1.03058e-08 4.41551e-09 -8.21096e-09 -7.01611e-09 4.42051e-10 -1.31447e-09 5.67709e-09 -1.18997e-08 -5.67476e-09 -1.73629e-09 -2.30388e-09 2.6337e-08 0.0275406 -0.0020885 0.00563103 0.0025654 0.00808569 -0.0022952 0.00902351 0.00346191 0.000487417 -0.00514739 -0.00427992 -0.00102107 0.0037621 -0.00181379 -0.00260058 0.0314178 -0.00162644 -0.000138808 -0.000533348 0.00159165 0.00154377 0.00108525 0.000536406 9.64648e-05 -0.000409606 0.000374409 0.00040015 0.000175331 4.33321e-05 0.000701108 0.00059615 -0.00570588
VAR 232.214 192.809 206.234 249.138 234.716 226.437 198.659 182.232 166.517 150.395 141.654 115.886 93.507 74.4139 53.9384 573.257 6.83438 7.33576 8.093 9.96756 10.9805 11.52 11.3785 11.5934 10.9787 10.183 9.43766 8.15868 6.87242 5.5385 4.23009 9.58321 0.911387 1.0367 1.19857 1.53963 1.76951 1.93311 1.95689 2.02495 1.95002 1.83501 1.70385 1.4874 1.26112 1.02312 0.789417 1.07406
'f'
Q 3
Trans
-0.916291
-0.916291
-0.916291
MU 1.08346e-08 2.27316e-08 6.29223e-09 4.37296e-09 -1.03058e-08 4.41551e-09 -8.21096e-09 -7.01611e-09 4.42051e-10 -1.31447e-09 5.67709e-09 -1.18997e-08 -5.67476e-09 -1.73629e-09 -2.30388e-09 2.6337e-08 0.0275406 -0.0020885 0.00563103 0.0025654 0.00808569 -0.0022952 0.00902351 0.00346191 0.000487417 -0.00514739 -0.00427992 -0.00102107 0.0037621 -0.00181379 -0.00260058 0.0314178 -0.00162644 -0.000138808 -0.000533348 0.00159165 0.00154377 0.00108525 0.000536406 9.64648e-05 -0.000409606 0.000374409 0.00040015 0.000175331 4.33321e-05 0.000701108 0.00059615 -0.00570588
VAR 232.214 192.809 206.234 249.138 234.716 226.437 198.659 182.232 166.517 150.395 141.654 115.886 93.507 74.4139 53.9384 573.257 6.83438 7.33576 8.093 9.96756 10.9805 11.52 11.3785 11.5934 10.9787 10.183 9.43766 8.15868 6.87242 5.5385 4.23009 9.58321 0.911387 1.0367 1.19857 1.53963 1.76951 1.93311 1.95689 2.02495 1.95002 1.83501 1.70385 1.4874 1.26112 1.02312 0.789417 1.07406
MU 1.08346e-08 2.27316e-08 6.29223e-09 4.37296e-09 -1.03058e-08 4.41551e-09 -8.21096e-09 -7.01611e-09 4.42051e-10 -1.31447e-09 5.67709e-09 -1.18997e-08 -5.67476e-09 -1.73629e-09 -2.30388e-09 2.6337e-08 0.0275406 -0.0020885 0.00563103 0.0025654 0.00808569 -0.0022952 0.00902351 0.00346191 0.000487417 -0.00514739 -0.00427992 -0.00102107 0.0037621 -0.00181379 -0.00260058 0.0314178 -0.00162644 -0.000138808 -0.000533348 0.00159165 0.00154377 0.00108525 0.000536406 9.64648e-05 -0.000409606 0.000374409 0.00040015 0.000175331 4.33321e-05 0.000701108 0.00059615 -0.00570588
VAR 232.214 192.809 206.234 249.138 234.716 226.437 198.659 182.232 166.517 150.395 141.654 115.886 93.507 74.4139 53.9384 573.257 6.83438 7.33576 8.093 9.96756 10.9805 11.52 11.3785 11.5934 10.9787 10.183 9.43766 8.15868 6.87242 5.5385 4.23009 9.58321 0.911387 1.0367 1.19857 1.53963 1.76951 1.93311 1.95689 2.02495 1.95002 1.83501 1.70385 1.4874 1.26112 1.02312 0.789417 1.07406
MU 1.08346e-08 2.27316e-08 6.29223e-09 4.37296e-09 -1.03058e-08 4.41551e-09 -8.21096e-09 -7.01611e-09 4.42051e-10 -1.31447e-09 5.67709e-09 -1.18997e-08 -5.67476e-09 -1.73629e-09 -2.30388e-09 2.6337e-08 0.0275406 -0.0020885 0.00563103 0.0025654 0.00808569 -0.0022952 0.00902351 0.00346191 0.000487417 -0.00514739 -0.00427992 -0.00102107 0.0037621 -0.00181379 -0.00260058 0.0314178 -0.00162644 -0.000138808 -0.000533348 0.00159165 0.00154377 0.00108525 0.000536406 9.64648e-05 -0.000409606 0.000374409 0.00040015 0.000175331 4.33321e-05 0.000701108 0.00059615 -0.00570588
VAR 232.214 192.809 206.234 249.138 234.716 226.437 198.659 182.232 166.517 150.395 141.654 115.886 93.507 74.4139 53.9384 573.257 6.83438 7.33576 8.093 9.96756 10.9805 11.52 11.3785 11.5934 10.9787 10.183 9.43766 8.15868 6.87242 5.5385 4.23009 9.58321 0.911387 1.0367 1.19857 1.53963 1.76951 1.93311 1.95689 2.02495 1.95002 1.83501 1.70385 1.4874 1.26112 1.02312 0.789417 1.07406
'g'
Q 3
Trans
-0.916291
-0.916291
-0.916291
MU 1.08346e-08 2.27316e-08 6.29223e-09 4.37296e-09 -1.03058e-08 4.41551e-09 -8.21096e-09 -7.01611e-09 4.42051e-10 -1.31447e-09 5.67709e-09 -1.18997e-08 -5.67476e-09 -1.73629e-09 -2.30388e-09 2.6337e-08 0.0275406 -0.0020885 0.00563103 0.0025654 0.00808569 -0.0022952 0.00902351 0.00346191 0.000487417 -0.00514739 -0.00427992 -0.00102107 0.0037621 -0.00181379 -0.00260058 0.0314178 -0.00162644 -0.000138808 -0.000533348 0.00159165 0.00154377 0.00108525 0.000536406 9.64648e-05 -0.000409606 0.000374409 0.00040015 0.000175331 4.33321e-05 0.000701108 0.00059615 -0.00570588
VAR 232.214 192.809 206.234 249.138 234.716 226.437 198.659 182.232 166.517 150.395 141.654 115.886 93.507 74.4139 53.9384 573.257 6.83438 7.33576 8.093 9.96756 10.9805 11.52 11.3785 11.5934 10.9787 10.183 9.43766 8.15868 6.87242 5.5385 4.23009 9.58321 0.911387 1.0367 1.19857 1.53963 1.76951 1.93311 1.95689 2.02495 1.95002 1.83501 1.70385 1.4874 1.26112 1.02312 0.789417 1.07406
MU 1.08346e-08 2.27316e-08 6.29223e-09 4.37296e-09 -1.03058e-08 4.41551e-09 -8.21096e-09 -7.01611e-09 4.42051e-10 -1.31447e-09 5.67709e-09 -1.18997e-08 -5.67476e-09 -1.73629e-09 -2.30388e-09 2.6337e-08 0.0275406 -0.0020885 0.00563103 0.0025654 0.00808569 -0.0022952 0.00902351 0.00346191 0.000487417 -0.00514739 -0.00427992 -0.00102107 0.0037621 -0.00181379 -0.00260058 0.0314178 -0.00162644 -0.000138808 -0.000533348 0.00159165 0.00154377 0.00108525 0.000536406 9.64648e-05 -0.000409606 0.000374409 0.00040015 0.000175331 4.33321e-05 0.000701108 0.00059615 -0.00570588
VAR 232.214 192.809 206.234 249.138 234.716 226.437 198.659 182.232 166.517 150.395 141.654 115.886 93.507 74.4139 53.9384 573.257 6.83438 7.33576 8.093 9.96756 10.9805 11.52 11.3785 11.5934 10.9787 10.183 9.43766 8.15868 6.87242 5.5385 4.23009 9.58321 0.911387 1.0367 1.19857 1.53963 1.76951 1.93311 1.95689 2.02495 1.95002 1.83501 1.70385 1.4874 1.26112 1.02312 0.789417 1.07406
MU 1.08346e-08 2.27316e-08 6.29223e-09 4.37296e-09 -1.03058e-08 4.41551e-09 -8.21096e-09 -7.01611e-09 4.42051e-10 -1.31447e-09 5.67709e-09 -1.18997e-08 -5.67476e-09 -1.73629e-09 -2.30388e-09 2.6337e-08 0.0275406 -0.0020885 0.00563103 0.0025654 0.00808569 -0.0022952 0.00902351 0.00346191 0.000487417 -0.00514739 -0.00427992 -0.00102107 0.0037621 -0.00181379 -0.00260058 0.0314178 -0.00162644 -0.000138808 -0.000533348 0.00159165 0.00154377 0.00108525 0.000536406 9.64648e-05 -0.000409606 0.000374409 0.00040015 0.000175331 4.33321e-05 0.000701108 0.00059615 -0.00570588
VAR 232.214 192.809 206.234 249.138 234.716 226.437 198.659 182.232 166.517 150.395 141.654 115.886 93.507 74.4139 53.9384 573.257 6.83438 7.33576 8.093 9.96756 10.9805 11.52 11.3785 11.5934 10.9787 10.183 9.43766 8.15868 6.87242 5.5385 4.23009 9.58321 0.911387 1.0367 1.19857 1.53963 1.76951 1.93311 1.95689 2.02495 1.95002 1.83501 1.70385 1.4874 1.26112 1.02312 0.789417 1.07406
'hh'
Q 3
Trans
-0.916291
-0.916291
-0.916291
MU 1.08346e-08 2.27316e-08 6.29223e-09 4.37296e-09 -1.03058e-08 4.41551e-09 -8.21096e-09 -7.01611e-09 4.42051e-10 -1.31447e-09 5.67709e-09 -1.18997e-08 -5.67476e-09 -1.73629e-09 -2.30388e-09 2.6337e-08 0.0275406 -0.0020885 0.00563103 0.0025654 0.00808569 -0.0022952 0.00902351 0.00346191 0.000487417 -0.00514739 -0.00427992 -0.00102107 0.0037621 -0.00181379 -0.00260058 0.0314178 -0.00162644 -0.000138808 -0.000533348 0.00159165 0.00154377 0.00108525 0.000536406 9.64648e-05 -0.000409606 0.000374409 0.00040015 0.000175331 4.33321e-05 0.000701108 0.00059615 -0.00570588
VAR 232.214 192.809 206.234 249.138 234.716 226.437 198.659 182.232 166.517 150.395 141.654 115.886 93.507 74.4139 53.9384 573.257 6.83438 7.33576 8.093 9.96756 10.9805 11.52 11.3785 11.5934 10.9787 10.183 9.43766 8.15868 6.87242 5.5385 4.23009 9.58321 0.911387 1.0367 1.19857 1.53963 1.76951 1.93311 1.95689 2.02495 1.95002 1.83501 1.70385 1.4874 1.26112 1.02312 0.789417 1.07406
MU 1.08346e-08 2.27316e-08 6.29223e-09 4.37296e-09 -1.03058e-08 4.41551e-09 -8.21096e-09 -7.01611e-09 4.42051e-10 -1.31447e-09 5.67709e-09 -1.18997e-08 -5.67476e-09 -1.73629e-09 -2.30388e-09 2.6337e-08 0.0275406 -0.0020885 0.00563103 0.0025654 0.00808569 -0.0022952 0.00902351 0.00346191 0.000487417 -0.00514739 -0.00427992 -0.00102107 0.0037621 -0.00181379 -0.00260058 0.0314178 -0.00162644 -0.000138808 -0.000533348 0.00159165 0.00154377 0.00108525 0.000536406 9.64648e-05 -0.000409606 0.000374409 0.00040015 0.000175331 4.33321e-05 0.000701108 0.00059615 -0.00570588
VAR 232.214 192.809 206.234 249.138 234.716 226.437 198.659 182.232 166.517 150.395 141.654 115.886 93.507 74.4139 53.9384 573.257 6.83438 7.33576 8.093 9.96756 10.9805 11.52 11.3785 11.5934 10.9787 10.183 9.43766 8.15868 6.87242 5.5385 4.23009 9.58321 0.911387 1.0367 1.19857 1.53963 1.76951 1.93311 1.95689 2.02495 1.95002 1.83501 1.70385 1.4874 1.26112 1.02312 0.789417 1.07406
MU 1.08346e-08 2.27316e-08 6.29223e-09 4.37296e-09 -1.03058e-08 4.41551e-09 -8.21096e-09 -7.01611e-09 4.42051e-10 -1.31447e-09 5.67709e-09 -1.18997e-08 -5.67476e-09 -1.73629e-09 -2.30388e-09 2.6337e-08 0.0275406 -0.0020885 0.00563103 0.0025654 0.00808569 -0.0022952 0.00902351 0.00346191 0.000487417 -0.00514739 -0.00427992 -0.00102107 0.0037621 -0.00181379 -0.00260058 0.0314178 -0.00162644 -0.000138808 -0.000533348 0.00159165 0.00154377 0.00108525 0.000536406 9.64648e-05 -0.000409606 0.000374409 0.00040015 0.000175331 4.33321e-05 0.000701108 0.00059615 -0.00570588
VAR 232.214 192.809 206.234 249.138 234.716 226.437 198.659 182.232 166.517 150.395 141.654 115.886 93.507 74.4139 53.9384 573.257 6.83438 7.33576 8.093 9.96756 10.9805 11.52 11.3785 11.5934 10.9787 10.183 9.43766 8.15868 6.87242 5.5385 4.23009 9.58321 0.911387 1.0367 1.19857 1.53963 1.76951 1.93311 1.95689 2.02495 1.95002 1.83501 1.70385 1.4874 1.26112 1.02312 0.789417 1.07406
'ih'
Q 3
Trans
-0.916291
-0.916291
-0.916291
MU 1.08346e-08 2.27316e-08 6.29223e-09 4.37296e-09 -1.03058e-08 4.41551e-09 -8.21096e-09 -7.01611e-09 4.42051e-10 -1.31447e-09 5.67709e-09 -1.18997e-08 -5.67476e-09 -1.73629e-09 -2.30388e-09 2.6337e-08 0.0275406 -0.0020885 0.00563103 0.0025654 0.00808569 -0.0022952 0.00902351 0.00346191 0.000487417 -0.00514739 -0.00427992 -0.00102107 0.0037621 -0.00181379 -0.00260058 0.0314178 -0.00162644 -0.000138808 -0.000533348 0.00159165 0.00154377 0.00108525 0.000536406 9.64648e-05 -0.000409606 0.000374409 0.00040015 0.000175331 4.33321e-05 0.000701108 0.00059615 -0.00570588
VAR 232.214 192.809 206.234 249.138 234.716 226.437 198.659 182.232 166.517 150.395 141.654 115.886 93.507 74.4139 53.9384 573.257 6.83438 7.33576 8.093 9.96756 10.9805 11.52 11.3785 11.5934 10.9787 10.183 9.43766 8.15868 6.87242 5.5385 4.23009 9.58321 0.911387 1.0367 1.19857 1.53963 1.76951 1.93311 1.95689 2.02495 1.95002 1.83501 1.70385 1.4874 1.26112 1.02312 0.789417 1.07406
MU 1.08346e-08 2.27316e-08 6.29223e-09 4.37296e-09 -1.03058e-08 4.41551e-09 -8.21096e-09 -7.01611e-09 4.42051e-10 -1.31447e-09 5.67709e-09 -1.18997e-08 -5.67476e-09 -1.73629e-09 -2.30388e-09 2.6337e-08 0.0275406 -0.0020885 0.00563103 0.0025654 0.00808569 -0.0022952 0.00902351 0.00346191 0.000487417 -0.00514739 -0.00427992 -0.00102107 0.0037621 -0.00181379 -0.00260058 0.0314178 -0.00162644 -0.000138808 -0.000533348 0.00159165 0.00154377 0.00108525 0.000536406 9.64648e-05 -0.000409606 0.000374409 0.00040015 0.000175331 4.33321e-05 0.000701108 0.00059615 -0.00570588
VAR 232.214 192.809 206.234 249.138 234.716 226.437 198.659 182.232 166.517 150.395 141.654 115.886 93.507 74.4139 53.9384 573.257 6.83438 7.33576 8.093 9.96756 10.9805 11.52 11.3785 11.5934 10.9787 10.183 9.43766 8.15868 6.87242 5.5385 4.23009 9.58321 0.911387 1.0367 1.19857 1.53963 1.76951 1.93311 1.95689 2.02495 1.95002 1.83501 1.70385 1.4874 1.26112 1.02312 0.789417 1.07406
MU 1.08346e-08 2.27316e-08 6.29223e-09 4.37296e-09 -1.03058e-08 4.41551e-09 -8.21096e-09 -7.01611e-09 4.42051e-10 -1.31447e-09 5.67709e-09 -1.18997e-08 -5.67476e-09 -1.73629e-09 -2.30388e-09 2.6337e-08 0.0275406 -0.0020885 0.00563103 0.0025654 0.00808569 -0.0022952 0.00902351 0.00346191 0.000487417 -0.00514739 -0.00427992 -0.00102107 0.0037621 -0.00181379 -0.00260058 0.0314178 -0.00162644 -0.000138808 -0.000533348 0.00159165 0.00154377 0.00108525 0.000536406 9.64648e-05 -0.000409606 0.000374409 0.00040015 0.000175331 4.33321e-05 0.000701108 0.00059615 -0.00570588
VAR 232.214 192.809 206.234 249.138 234.716 226.437 198.659 182.232 166.517 150.395 141.654 115.886 93.507 74.4139 53.9384 573.257 6.83438 7.33576 8.093 9.96756 10.9805 11.52 11.3785 11.5934 10.9787 10.183 9.43766 8.15868 6.87242 5.5385 4.23009 9.58321 0.911387 1.0367 1.19857 1.53963 1.76951 1.93311 1.95689 2.02495 1.95002 1.83501 1.70385 1.4874 1.26112 1.02312 0.789417 1.07406
'iy'
Q 3
Trans
-0.916291
-0.916291
-0.916291
MU 1.08346e-08 2.27316e-08 6.29223e-09 4.37296e-09 -1.03058e-08 4.41551e-09 -8.21096e-09 -7.01611e-09 4.42051e-10 -1.31447e-09 5.67709e-09 -1.18997e-08 -5.67476e-09 -1.73629e-09 -2.30388e-09 2.6337e-08 0.0275406 -0.0020885 0.00563103 0.0025654 0.00808569 -0.0022952 0.00902351 0.00346191 0.000487417 -0.00514739 -0.00427992 -0.00102107 0.0037621 -0.00181379 -0.00260058 0.0314178 -0.00162644 -0.000138808 -0.000533348 0.00159165 0.00154377 0.00108525 0.000536406 9.64648e-05 -0.000409606 0.000374409 0.00040015 0.000175331 4.33321e-05 0.000701108 0.00059615 -0.00570588
VAR 232.214 192.809 206.234 249.138 234.716 226.437 198.659 182.232 166.517 150.395 141.654 115.886 93.507 74.4139 53.9384 573.257 6.83438 7.33576 8.093 9.96756 10.9805 11.52 11.3785 11.5934 10.9787 10.183 9.43766 8.15868 6.87242 5.5385 4.23009 9.58321 0.911387 1.0367 1.19857 1.53963 1.76951 1.93311 1.95689 2.02495 1.95002 1.83501 1.70385 1.4874 1.26112 1.02312 0.789417 1.07406
MU 1.08346e-08 2.27316e-08 6.29223e-09 4.37296e-09 -1.03058e-08 4.41551e-09 -8.21096e-09 -7.01611e-09 4.42051e-10 -1.31447e-09 5.67709e-09 -1.18997e-08 -5.67476e-09 -1.73629e-09 -2.30388e-09 2.6337e-08 0.0275406 -0.0020885 0.00563103 0.0025654 0.00808569 -0.0022952 0.00902351 0.00346191 0.000487417 -0.00514739 -0.00427992 -0.00102107 0.0037621 -0.00181379 -0.00260058 0.0314178 -0.00162644 -0.000138808 -0.000533348 0.00159165 0.00154377 0.00108525 0.000536406 9.64648e-05 -0.000409606 0.000374409 0.00040015 0.000175331 4.33321e-05 0.000701108 0.00059615 -0.00570588
VAR 232.214 192.809 206.234 249.138 234.716 226.437 198.659 182.232 166.517 150.395 141.654 115.886 93.507 74.4139 53.9384 573.257 6.83438 7.33576 8.093 9.96756 10.9805 11.52 11.3785 11.5934 10.9787 10.183 9.43766 8.15868 6.87242 5.5385 4.23009 9.58321 0.911387 1.0367 1.19857 1.53963 1.76951 1.93311 1.95689 2.02495 1.95002 1.83501 1.70385 1.4874 1.26112 1.02312 0.789417 1.07406
MU 1.08346e-08 2.27316e-08 6.29223e-09 4.37296e-09 -1.03058e-08 4.41551e-09 -8.21096e-09 -7.01611e-09 4.42051e-10 -1.31447e-09 5.67709e-09 -1.18997e-08 -5.67476e-09 -1.73629e-09 -2.30388e-09 2.6337e-08 0.0275406 -0.0020885 0.00563103 0.0025654 0.00808569 -0.0022952 0.00902351 0.00346191 0.000487417 -0.00514739 -0.00427992 -0.00102107 0.0037621 -0.00181379 -0.00260058 0.0314178 -0.00162644 -0.000138808 -0.000533348 0.00159165 0.00154377 0.00108525 0.000536406 9.64648e-05 -0.000409606 0.000374409 0.00040015 0.000175331 4.33321e-05 0.000701108 0.00059615 -0.00570588
VAR 232.214 192.809 206.234 249.138 234.716 226.437 198.659 182.232 166.517 150.395 141.654 115.886 93.507 74.4139 53.9384 573.257 6.83438 7.33576 8.093 9.96756 10.9805 11.52 11.3785 11.5934 10.9787 10.183 9.43766 8.15868 6.87242 5.5385 4.23009 9.58321 0.911387 1.0367 1.19857 1.53963 1.76951 1.93311 1.95689 2.02495 1.95002 1.83501 1.70385 1.4874 1.26112 1.02312 0.789417 1.07406
'k'
Q 3
Trans
-0.916291
-0.916291
-0.916291
MU 1.08346e-08 2.27316e-08 6.29223e-09 4.37296e-09 -1.03058e-08 4.41551e-09 -8.21096e-09 -7.01611e-09 4.42051e-10 -1.31447e-09 5.67709e-09 -1.18997e-08 -5.67476e-09 -1.73629e-09 -2.30388e-09 2.6337e-08 0.0275406 -0.0020885 0.00563103 0.0025654 0.00808569 -0.0022952 0.00902351 0.00346191 0.000487417 -0.00514739 -0.00427992 -0.00102107 0.0037621 -0.00181379 -0.00260058 0.0314178 -0.00162644 -0.000138808 -0.000533348 0.00159165 0.00154377 0.00108525 0.000536406 9.64648e-05 -0.000409606 0.000374409 0.00040015 0.000175331 4.33321e-05 0.000701108 0.00059615 -0.00570588
VAR 232.214 192.809 206.234 249.138 234.716 226.437 198.659 182.232 166.517 150.395 141.654 115.886 93.507 74.4139 53.9384 573.257 6.83438 7.33576 8.093 9.96756 10.9805 11.52 11.3785 11.5934 10.9787 10.183 9.43766 8.15868 6.87242 5.5385 4.23009 9.58321 0.911387 1.0367 1.19857 1.53963 1.76951 1.93311 1.95689 2.02495 1.95002 1.83501 1.70385 1.4874 1.26112 1.02312 0.789417 1.07406
MU 1.08346e-08 2.27316e-08 6.29223e-09 4.37296e-09 -1.03058e-08 4.41551e-09 -8.21096e-09 -7.01611e-09 4.42051e-10 -1.31447e-09 5.67709e-09 -1.18997e-08 -5.67476e-09 -1.73629e-09 -2.30388e-09 2.6337e-08 0.0275406 -0.0020885 0.00563103 0.0025654 0.00808569 -0.0022952 0.00902351 0.00346191 0.000487417 -0.00514739 -0.00427992 -0.00102107 0.0037621 -0.00181379 -0.00260058 0.0314178 -0.00162644 -0.000138808 -0.000533348 0.00159165 0.00154377 0.00108525 0.000536406 9.64648e-05 -0.000409606 0.000374409 0.00040015 0.000175331 4.33321e-05 0.000701108 0.00059615 -0.00570588
VAR 232.214 192.809 206.234 249.138 234.716 226.437 198.659 182.232 166.517 150.395 141.654 115.886 93.507 74.4139 53.9384 573.257 6.83438 7.33576 8.093 9.96756 10.9805 11.52 11.3785 11.5934 10.9787 10.183 9.43766 8.15868 6.87242 5.5385 4.23009 9.58321 0.911387 1.0367 1.19857 1.53963 1.76951 1.93311 1.95689 2.02495 1.95002 1.83501 1.70385 1.4874 1.26112 1.02312 0.789417 1.07406
MU 1.08346e-08 2.27316e-08 6.29223e-09 4.37296e-09 -1.03058e-08 4.41551e-09 -8.21096e-09 -7.01611e-09 4.42051e-10 -1.31447e-09 5.67709e-09 -1.18997e-08 -5.67476e-09 -1.73629e-09 -2.30388e-09 2.6337e-08 0.0275406 -0.0020885 0.00563103 0.0025654 0.00808569 -0.0022952 0.00902351 0.00346191 0.000487417 -0.00514739 -0.00427992 -0.00102107 0.0037621 -0.00181379 -0.00260058 0.0314178 -0.00162644 -0.000138808 -0.000533348 0.00159165 0.00154377 0.00108525 0.000536406 9.64648e-05 -0.000409606 0.000374409 0.00040015 0.000175331 4.33321e-05 0.000701108 0.00059615 -0.00570588
VAR 232.214 192.809 206.234 249.138 234.716 226.437 198.659 182.232 166.517 150.395 141.654 115.886 93.507 74.4139 53.9384 573.257 6.83438 7.33576 8.093 9.96756 10.9805 11.52 11.3785 11.5934 10.9787 10.183 9.43766 8.15868 6.87242 5.5385 4.23009 9.58321 0.911387 1.0367 1.19857 1.53963 1.76951 1.93311 1.95689 2.02495 1.95002 1.83501 1.70385 1.4874 1.26112 1.02312 0.789417 1.07406
'l'
Q 3
Trans
-0.916291
-0.916291
-0.916291
MU 1.08346e-08 2.27316e-08 6.29223e-09 4.37296e-09 -1.03058e-08 4.41551e-09 -8.21096e-09 -7.01611e-09 4.42051e-10 -1.31447e-09 5.67709e-09 -1.18997e-08 -5.67476e-09 -1.73629e-09 -2.30388e-09 2.6337e-08 0.0275406 -0.0020885 0.00563103 0.0025654 0.00808569 -0.0022952 0.00902351 0.00346191 0.000487417 -0.00514739 -0.00427992 -0.00102107 0.0037621 -0.00181379 -0.00260058 0.0314178 -0.00162644 -0.000138808 -0.000533348 0.00159165 0.00154377 0.00108525 0.000536406 9.64648e-05 -0.000409606 0.000374409 0.00040015 0.000175331 4.33321e-05 0.000701108 0.00059615 -0.00570588
VAR 232.214 192.809 206.234 249.138 234.716 226.437 198.659 182.232 166.517 150.395 141.654 115.886 93.507 74.4139 53.9384 573.257 6.83438 7.33576 8.093 9.96756 10.9805 11.52 11.3785 11.5934 10.9787 10.183 9.43766 8.15868 6.87242 5.5385 4.23009 9.58321 0.911387 1.0367 1.19857 1.53963 1.76951 1.93311 1.95689 2.02495 1.95002 1.83501 1.70385 1.4874 1.26112 1.02312 0.789417 1.07406
MU 1.08346e-08 2.27316e-08 6.29223e-09 4.37296e-09 -1.03058e-08 4.41551e-09 -8.21096e-09 -7.01611e-09 4.42051e-10 -1.31447e-09 5.67709e-09 -1.18997e-08 -5.67476e-09 -1.73629e-09 -2.30388e-09 2.6337e-08 0.0275406 -0.0020885 0.00563103 0.0025654 0.00808569 -0.0022952 0.00902351 0.00346191 0.000487417 -0.00514739 -0.00427992 -0.00102107 0.0037621 -0.00181379 -0.00260058 0.0314178 -0.00162644 -0.000138808 -0.000533348 0.00159165 0.00154377 0.00108525 0.000536406 9.64648e-05 -0.000409606 0.000374409 0.00040015 0.000175331 4.33321e-05 0.000701108 0.00059615 -0.00570588
VAR 232.214 192.809 206.234 249.138 234.716 226.437 198.659 182.232 166.517 150.395 141.654 115.886 93.507 74.4139 53.9384 573.257 6.83438 7.33576 8.093 9.96756 10.9805 11.52 11.3785 11.5934 10.9787 10.183 9.43766 8.15868 6.87242 5.5385 4.23009 9.58321 0.911387 1.0367 1.19857 1.53963 1.76951 1.93311 1.95689 2.02495 1.95002 1.83501 1.70385 1.4874 1.26112 1.02312 0.789417 1.07406
MU 1.08346e-08 2.27316e-08 6.29223e-09 4.37296e-09 -1.03058e-08 4.41551e-09 -8.21096e-09 -7.01611e-09 4.42051e-10 -1.31447e-09 5.67709e-09 -1.18997e-08 -5.67476e-09 -1.73629e-09 -2.30388e-09 2.6337e-08 0.0275406 -0.0020885 0.00563103 0.0025654 0.00808569 -0.0022952 0.00902351 0.00346191 0.000487417 -0.00514739 -0.00427992 -0.00102107 0.0037621 -0.00181379 -0.00260058 0.0314178 -0.00162644 -0.000138808 -0.000533348 0.00159165 0.00154377 0.00108525 0.000536406 9.64648e-05 -0.000409606 0.000374409 0.00040015 0.000175331 4.33321e-05 0.000701108 0.00059615 -0.00570588
VAR 232.214 192.809 206.234 249.138 234.716 226.437 198.659 182.232 166.517 150.395 141.654 115.886 93.507 74.4139 53.9384 573.257 6.83438 7.33576 8.093 9.96756 10.9805 11.52 11.3785 11.5934 10.9787 10.183 9.43766 8.15868 6.87242 5.5385 4.23009 9.58321 0.911387 1.0367 1.19857 1.53963 1.76951 1.93311 1.95689 2.02495 1.95002 1.83501 1.70385 1.4874 1.26112 1.02312 0.789417 1.07406
'm'
Q 3
Trans
-0.916291
-0.916291
-0.916291
MU 1.08346e-08 2.27316e-08 6.29223e-09 4.37296e-09 -1.03058e-08 4.41551e-09 -8.21096e-09 -7.01611e-09 4.42051e-10 -1.31447e-09 5.67709e-09 -1.18997e-08 -5.67476e-09 -1.73629e-09 -2.30388e-09 2.6337e-08 0.0275406 -0.0020885 0.00563103 0.0025654 0.00808569 -0.0022952 0.00902351 0.00346191 0.000487417 -0.00514739 -0.00427992 -0.00102107 0.0037621 -0.00181379 -0.00260058 0.0314178 -0.00162644 -0.000138808 -0.000533348 0.00159165 0.00154377 0.00108525 0.000536406 9.64648e-05 -0.000409606 0.000374409 0.00040015 0.000175331 4.33321e-05 0.000701108 0.00059615 -0.00570588
VAR 232.214 192.809 206.234 249.138 234.716 226.437 198.659 182.232 166.517 150.395 141.654 115.886 93.507 74.4139 53.9384 573.257 6.83438 7.33576 8.093 9.96756 10.9805 11.52 11.3785 11.5934 10.9787 10.183 9.43766 8.15868 6.87242 5.5385 4.23009 9.58321 0.911387 1.0367 1.19857 1.53963 1.76951 1.93311 1.95689 2.02495 1.95002 1.83501 1.70385 1.4874 1.26112 1.02312 0.789417 1.07406
MU 1.08346e-08 2.27316e-08 6.29223e-09 4.37296e-09 -1.03058e-08 4.41551e-09 -8.21096e-09 -7.01611e-09 4.42051e-10 -1.31447e-09 5.67709e-09 -1.18997e-08 -5.67476e-09 -1.73629e-09 -2.30388e-09 2.6337e-08 0.0275406 -0.0020885 0.00563103 0.0025654 0.00808569 -0.0022952 0.00902351 0.00346191 0.000487417 -0.00514739 -0.00427992 -0.00102107 0.0037621 -0.00181379 -0.00260058 0.0314178 -0.00162644 -0.000138808 -0.000533348 0.00159165 0.00154377 0.00108525 0.000536406 9.64648e-05 -0.000409606 0.000374409 0.00040015 0.000175331 4.33321e-05 0.000701108 0.00059615 -0.00570588
VAR 232.214 192.809 206.234 249.138 234.716 226.437 198.659 182.232 166.517 150.395 141.654 115.886 93.507 74.4139 53.9384 573.257 6.83438 7.33576 8.093 9.96756 10.9805 11.52 11.3785 11.5934 10.9787 10.183 9.43766 8.15868 6.87242 5.5385 4.23009 9.58321 0.911387 1.0367 1.19857 1.53963 1.76951 1.93311 1.95689 2.02495 1.95002 1.83501 1.70385 1.4874 1.26112 1.02312 0.789417 1.07406
MU 1.08346e-08 2.27316e-08 6.29223e-09 4.37296e-09 -1.03058e-08 4.41551e-09 -8.21096e-09 -7.01611e-09 4.42051e-10 -1.31447e-09 5.67709e-09 -1.18997e-08 -5.67476e-09 -1.73629e-09 -2.30388e-09 2.6337e-08 0.0275406 -0.0020885 0.00563103 0.0025654 0.00808569 -0.0022952 0.00902351 0.00346191 0.000487417 -0.00514739 -0.00427992 -0.00102107 0.0037621 -0.00181379 -0.00260058 0.0314178 -0.00162644 -0.000138808 -0.000533348 0.00159165 0.00154377 0.00108525 0.000536406 9.64648e-05 -0.000409606 0.000374409 0.00040015 0.000175331 4.33321e-05 0.000701108 0.00059615 -0.00570588
VAR 232.214 192.809 206.234 249.138 234.716 226.437 198.659 182.232 166.517 150.395 141.654 115.886 93.507 74.4139 53.9384 573.257 6.83438 7.33576 8.093 9.96756 10.9805 11.52 11.3785 11.5934 10.9787 10.183 9.43766 8.15868 6.87242 5.5385 4.23009 9.58321 0.911387 1.0367 1.19857 1.53963 1.76951 1.93311 1.95689 2.02495 1.95002 1.83501 1.70385 1.4874 1.26112 1.02312 0.789417 1.07406
'n'
Q 3
Trans
-0.916291
-0.916291
-0.916291
MU 1.08346e-08 2.27316e-08 6.29223e-09 4.37296e-09 -1.03058e-08 4.41551e-09 -8.21096e-09 -7.01611e-09 4.42051e-10 -1.31447e-09 5.67709e-09 -1.18997e-08 -5.67476e-09 -1.73629e-09 -2.30388e-09 2.6337e-08 0.0275406 -0.0020885 0.00563103 0.0025654 0.00808569 -0.0022952 0.00902351 0.00346191 0.000487417 -0.00514739 -0.00427992 -0.00102107 0.0037621 -0.00181379 -0.00260058 0.0314178 -0.00162644 -0.000138808 -0.000533348 0.00159165 0.00154377 0.00108525 0.000536406 9.64648e-05 -0.000409606 0.000374409 0.00040015 0.000175331 4.33321e-05 0.000701108 0.00059615 -0.00570588
VAR 232.214 192.809 206.234 249.138 234.716 226.437 198.659 182.232 166.517 150.395 141.654 115.886 93.507 74.4139 53.9384 573.257 6.83438 7.33576 8.093 9.96756 10.9805 11.52 11.3785 11.5934 10.9787 10.183 9.43766 8.15868 6.87242 5.5385 4.23009 9.58321 0.911387 1.0367 1.19857 1.53963 1.76951 1.93311 1.95689 2.02495 1.95002 1.83501 1.70385 1.4874 1.26112 1.02312 0.789417 1.07406
MU 1.08346e-08 2.27316e-08 6.29223e-09 4.37296e-09 -1.03058e-08 4.41551e-09 -8.21096e-09 -7.01611e-09 4.42051e-10 -1.31447e-09 5.67709e-09 -1.18997e-08 -5.67476e-09 -1.73629e-09 -2.30388e-09 2.6337e-08 0.0275406 -0.0020885 0.00563103 0.0025654 0.00808569 -0.0022952 0.00902351 0.00346191 0.000487417 -0.00514739 -0.00427992 -0.00102107 0.0037621 -0.00181379 -0.00260058 0.0314178 -0.00162644 -0.000138808 -0.000533348 0.00159165 0.00154377 0.00108525 0.000536406 9.64648e-05 -0.000409606 0.000374409 0.00040015 0.000175331 4.33321e-05 0.000701108 0.00059615 -0.00570588
VAR 232.214 192.809 206.234 249.138 234.716 226.437 198.659 182.232 166.517 150.395 141.654 115.886 93.507 74.4139 53.9384 573.257 6.83438 7.33576 8.093 9.96756 10.9805 11.52 11.3785 11.5934 10.9787 10.183 9.43766 8.15868 6.87242 5.5385 4.23009 9.58321 0.911387 1.0367 1.19857 1.53963 1.76951 1.93311 1.95689 2.02495 1.95002 1.83501 1.70385 1.4874 1.26112 1.02312 0.789417 1.07406
MU 1.08346e-08 2.27316e-08 6.29223e-09 4.37296e-09 -1.03058e-08 4.41551e-09 -8.21096e-09 -7.01611e-09 4.42051e-10 -1.31447e-09 5.67709e-09 -1.18997e-08 -5.67476e-09 -1.73629e-09 -2.30388e-09 2.6337e-08 0.0275406 -0.0020885 0.00563103 0.0025654 0.00808569 -0.0022952 0.00902351 0.00346191 0.000487417 -0.00514739 -0.00427992 -0.00102107 0.0037621 -0.00181379 -0.00260058 0.0314178 -0.00162644 -0.000138808 -0.000533348 0.00159165 0.00154377 0.00108525 0.000536406 9.64648e-05 -0.000409606 0.000374409 0.00040015 0.000175331 4.33321e-05 0.000701108 0.00059615 -0.00570588
VAR 232.214 192.809 206.234 249.138 234.716 226.437 198.659 182.232 166.517 150.395 141.654 115.886 93.507 74.4139 53.9384 573.257 6.83438 7.33576 8.093 9.96756 10.9805 11.52 11.3785 11.5934 10.9787 10.183 9.43766 8.15868 6.87242 5.5385 4.23009 9.58321 0.911387 1.0367 1.19857 1.53963 1.76951 1.93311 1.95689 2.02495 1.95002 1.83501 1.70385 1.4874 1.26112 1.02312 0.789417 1.07406
'ow'
Q 3
Trans
-0.916291
-0.916291
-0.916291
MU 1.08346e-08 2.27316e-08 6.29223e-09 4.37296e-09 -1.03058e-08 4.41551e-09 -8.21096e-09 -7.01611e-09 4.42051e-10 -1.31447e-09 5.67709e-09 -1.18997e-08 -5.67476e-09 -1.73629e-09 -2.30388e-09 2.6337e-08 0.0275406 -0.0020885 0.00563103 0.0025654 0.00808569 -0.0022952 0.00902351 0.00346191 0.000487417 -0.00514739 -0.00427992 -0.00102107 0.0037621 -0.00181379 -0.00260058 0.0314178 -0.00162644 -0.000138808 -0.000533348 0.00159165 0.00154377 0.00108525 0.000536406 9.64648e-05 -0.000409606 0.000374409 0.00040015 0.000175331 4.33321e-05 0.000701108 0.00059615 -0.00570588
VAR 232.214 192.809 206.234 249.138 234.716 226.437 198.659 182.232 166.517 150.395 141.654 115.886 93.507 74.4139 53.9384 573.257 6.83438 7.33576 8.093 9.96756 10.9805 11.52 11.3785 11.5934 10.9787 10.183 9.43766 8.15868 6.87242 5.5385 4.23009 9.58321 0.911387 1.0367 1.19857 1.53963 1.76951 1.93311 1.95689 2.02495 1.95002 1.83501 1.70385 1.4874 1.26112 1.02312 0.789417 1.07406
MU 1.08346e-08 2.27316e-08 6.29223e-09 4.37296e-09 -1.03058e-08 4.41551e-09 -8.21096e-09 -7.01611e-09 4.42051e-10 -1.31447e-09 5.67709e-09 -1.18997e-08 -5.67476e-09 -1.73629e-09 -2.30388e-09 2.6337e-08 0.0275406 -0.0020885 0.00563103 0.0025654 0.00808569 -0.0022952 0.00902351 0.00346191 0.000487417 -0.00514739 -0.00427992 -0.00102107 0.0037621 -0.00181379 -0.00260058 0.0314178 -0.00162644 -0.000138808 -0.000533348 0.00159165 0.00154377 0.00108525 0.000536406 9.64648e-05 -0.000409606 0.000374409 0.00040015 0.000175331 4.33321e-05 0.000701108 0.00059615 -0.00570588
VAR 232.214 192.809 206.234 249.138 234.716 226.437 198.659 182.232 166.517 150.395 141.654 115.886 93.507 74.4139 53.9384 573.257 6.83438 7.33576 8.093 9.96756 10.9805 11.52 11.3785 11.5934 10.9787 10.183 9.43766 8.15868 6.87242 5.5385 4.23009 9.58321 0.911387 1.0367 1.19857 1.53963 1.76951 1.93311 1.95689 2.02495 1.95002 1.83501 1.70385 1.4874 1.26112 1.02312 0.789417 1.07406
MU 1.08346e-08 2.27316e-08 6.29223e-09 4.37296e-09 -1.03058e-08 4.41551e-09 -8.21096e-09 -7.01611e-09 4.42051e-10 -1.31447e-09 5.67709e-09 -1.18997e-08 -5.67476e-09 -1.73629e-09 -2.30388e-09 2.6337e-08 0.0275406 -0.0020885 0.00563103 0.0025654 0.00808569 -0.0022952 0.00902351 0.00346191 0.000487417 -0.00514739 -0.00427992 -0.00102107 0.0037621 -0.00181379 -0.00260058 0.0314178 -0.00162644 -0.000138808 -0.000533348 0.00159165 0.00154377 0.00108525 0.000536406 9.64648e-05 -0.000409606 0.000374409 0.00040015 0.000175331 4.33321e-05 0.000701108 0.00059615 -0.00570588
VAR 232.214 192.809 206.234 249.138 234.716 226.437 198.659 182.232 166.517 150.395 141.654 115.886 93.507 74.4139 53.9384 573.257 6.83438 7.33576 8.093 9.96756 10.9805 11.52 11.3785 11.5934 10.9787 10.183 9.43766 8.15868 6.87242 5.5385 4.23009 9.58321 0.911387 1.0367 1.19857 1.53963 1.76951 1.93311 1.95689 2.02495 1.95002 1.83501 1.70385 1.4874 1.26112 1.02312 0.789417 1.07406
'p'
Q 3
Trans
-0.916291
-0.916291
-0.916291
MU 1.08346e-08 2.27316e-08 6.29223e-09 4.37296e-09 -1.03058e-08 4.41551e-09 -8.21096e-09 -7.01611e-09 4.42051e-10 -1.31447e-09 5.67709e-09 -1.18997e-08 -5.67476e-09 -1.73629e-09 -2.30388e-09 2.6337e-08 0.0275406 -0.0020885 0.00563103 0.0025654 0.00808569 -0.0022952 0.00902351 0.00346191 0.000487417 -0.00514739 -0.00427992 -0.00102107 0.0037621 -0.00181379 -0.00260058 0.0314178 -0.00162644 -0.000138808 -0.000533348 0.00159165 0.00154377 0.00108525 0.000536406 9.64648e-05 -0.000409606 0.000374409 0.00040015 0.000175331 4.33321e-05 0.000701108 0.00059615 -0.00570588
VAR 232.214 192.809 206.234 249.138 234.716 226.437 198.659 182.232 166.517 150.395 141.654 115.886 93.507 74.4139 53.9384 573.257 6.83438 7.33576 8.093 9.96756 10.9805 11.52 11.3785 11.5934 10.9787 10.183 9.43766 8.15868 6.87242 5.5385 4.23009 9.58321 0.911387 1.0367 1.19857 1.53963 1.76951 1.93311 1.95689 2.02495 1.95002 1.83501 1.70385 1.4874 1.26112 1.02312 0.789417 1.07406
MU 1.08346e-08 2.27316e-08 6.29223e-09 4.37296e-09 -1.03058e-08 4.41551e-09 -8.21096e-09 -7.01611e-09 4.42051e-10 -1.31447e-09 5.67709e-09 -1.18997e-08 -5.67476e-09 -1.73629e-09 -2.30388e-09 2.6337e-08 0.0275406 -0.0020885 0.00563103 0.0025654 0.00808569 -0.0022952 0.00902351 0.00346191 0.000487417 -0.00514739 -0.00427992 -0.00102107 0.0037621 -0.00181379 -0.00260058 0.0314178 -0.00162644 -0.000138808 -0.000533348 0.00159165 0.00154377 0.00108525 0.000536406 9.64648e-05 -0.000409606 0.000374409 0.00040015 0.000175331 4.33321e-05 0.000701108 0.00059615 -0.00570588
VAR 232.214 192.809 206.234 249.138 234.716 226.437 198.659 182.232 166.517 150.395 141.654 115.886 93.507 74.4139 53.9384 573.257 6.83438 7.33576 8.093 9.96756 10.9805 11.52 11.3785 11.5934 10.9787 10.183 9.43766 8.15868 6.87242 5.5385 4.23009 9.58321 0.911387 1.0367 1.19857 1.53963 1.76951 1.93311 1.95689 2.02495 1.95002 1.83501 1.70385 1.4874 1.26112 1.02312 0.789417 1.07406
MU 1.08346e-08 2.27316e-08 6.29223e-09 4.37296e-09 -1.03058e-08 4.41551e-09 -8.21096e-09 -7.01611e-09 4.42051e-10 -1.31447e-09 5.67709e-09 -1.18997e-08 -5.67476e-09 -1.73629e-09 -2.30388e-09 2.6337e-08 0.0275406 -0.0020885 0.00563103 0.0025654 0.00808569 -0.0022952 0.00902351 0.00346191 0.000487417 -0.00514739 -0.00427992 -0.00102107 0.0037621 -0.00181379 -0.00260058 0.0314178 -0.00162644 -0.000138808 -0.000533348 0.00159165 0.00154377 0.00108525 0.000536406 9.64648e-05 -0.000409606 0.000374409 0.00040015 0.000175331 4.33321e-05 0.000701108 0.00059615 -0.00570588
VAR 232.214 192.809 206.234 249.138 234.716 226.437 198.659 182.232 166.517 150.395 141.654 115.886 93.507 74.4139 53.9384 573.257 6.83438 7.33576 8.093 9.96756 10.9805 11.52 11.3785 11.5934 10.9787 10.183 9.43766 8.15868 6.87242 5.5385 4.23009 9.58321 0.911387 1.0367 1.19857 1.53963 1.76951 1.93311 1.95689 2.02495 1.95002 1.83501 1.70385 1.4874 1.26112 1.02312 0.789417 1.07406
'r'
Q 3
Trans
-0.916291
-0.916291
-0.916291
MU 1.08346e-08 2.27316e-08 6.29223e-09 4.37296e-09 -1.03058e-08 4.41551e-09 -8.21096e-09 -7.01611e-09 4.42051e-10 -1.31447e-09 5.67709e-09 -1.18997e-08 -5.67476e-09 -1.73629e-09 -2.30388e-09 2.6337e-08 0.0275406 -0.0020885 0.00563103 0.0025654 0.00808569 -0.0022952 0.00902351 0.00346191 0.000487417 -0.00514739 -0.00427992 -0.00102107 0.0037621 -0.00181379 -0.00260058 0.0314178 -0.00162644 -0.000138808 -0.000533348 0.00159165 0.00154377 0.00108525 0.000536406 9.64648e-05 -0.000409606 0.000374409 0.00040015 0.000175331 4.33321e-05 0.000701108 0.00059615 -0.00570588
VAR 232.214 192.809 206.234 249.138 234.716 226.437 198.659 182.232 166.517 150.395 141.654 115.886 93.507 74.4139 53.9384 573.257 6.83438 7.33576 8.093 9.96756 10.9805 11.52 11.3785 11.5934 10.9787 10.183 9.43766 8.15868 6.87242 5.5385 4.23009 9.58321 0.911387 1.0367 1.19857 1.53963 1.76951 1.93311 1.95689 2.02495 1.95002 1.83501 1.70385 1.4874 1.26112 1.02312 0.789417 1.07406
MU 1.08346e-08 2.27316e-08 6.29223e-09 4.37296e-09 -1.03058e-08 4.41551e-09 -8.21096e-09 -7.01611e-09 4.42051e-10 -1.31447e-09 5.67709e-09 -1.18997e-08 -5.67476e-09 -1.73629e-09 -2.30388e-09 2.6337e-08 0.0275406 -0.0020885 0.00563103 0.0025654 0.00808569 -0.0022952 0.00902351 0.00346191 0.000487417 -0.00514739 -0.00427992 -0.00102107 0.0037621 -0.00181379 -0.00260058 0.0314178 -0.00162644 -0.000138808 -0.000533348 0.00159165 0.00154377 0.00108525 0.000536406 9.64648e-05 -0.000409606 0.000374409 0.00040015 0.000175331 4.33321e-05 0.000701108 0.00059615 -0.00570588
VAR 232.214 192.809 206.234 249.138 234.716 226.437 198.659 182.232 166.517 150.395 141.654 115.886 93.507 74.4139 53.9384 573.257 6.83438 7.33576 8.093 9.96756 10.9805 11.52 11.3785 11.5934 10.9787 10.183 9.43766 8.15868 6.87242 5.5385 4.23009 9.58321 0.911387 1.0367 1.19857 1.53963 1.76951 1.93311 1.95689 2.02495 1.95002 1.83501 1.70385 1.4874 1.26112 1.02312 0.789417 1.07406
MU 1.08346e-08 2.27316e-08 6.29223e-09 4.37296e-09 -1.03058e-08 4.41551e-09 -8.21096e-09 -7.01611e-09 4.42051e-10 -1.31447e-09 5.67709e-09 -1.18997e-08 -5.67476e-09 -1.73629e-09 -2.30388e-09 2.6337e-08 0.0275406 -0.0020885 0.00563103 0.0025654 0.00808569 -0.0022952 0.00902351 0.00346191 0.000487417 -0.00514739 -0.00427992 -0.00102107 0.0037621 -0.00181379 -0.00260058 0.0314178 -0.00162644 -0.000138808 -0.000533348 0.00159165 0.00154377 0.00108525 0.000536406 9.64648e-05 -0.000409606 0.000374409 0.00040015 0.000175331 4.33321e-05 0.000701108 0.00059615 -0.00570588
VAR 232.214 192.809 206.234 249.138 234.716 226.437 198.659 182.232 166.517 150.395 141.654 115.886 93.507 74.4139 53.9384 573.257 6.83438 7.33576 8.093 9.96756 10.9805 11.52 11.3785 11.5934 10.9787 10.183 9.43766 8.15868 6.87242 5.5385 4.23009 9.58321 0.911387 1.0367 1.19857 1.53963 1.76951 1.93311 1.95689 2.02495 1.95002 1.83501 1.70385 1.4874 1.26112 1.02312 0.789417 1.07406
's'
Q 3
Trans
-0.916291
-0.916291
-0.916291
MU 1.08346e-08 2.27316e-08 6.29223e-09 4.37296e-09 -1.03058e-08 4.41551e-09 -8.21096e-09 -7.01611e-09 4.42051e-10 -1.31447e-09 5.67709e-09 -1.18997e-08 -5.67476e-09 -1.73629e-09 -2.30388e-09 2.6337e-08 0.0275406 -0.0020885 0.00563103 0.0025654 0.00808569 -0.0022952 0.00902351 0.00346191 0.000487417 -0.00514739 -0.00427992 -0.00102107 0.0037621 -0.00181379 -0.00260058 0.0314178 -0.00162644 -0.000138808 -0.000533348 0.00159165 0.00154377 0.00108525 0.000536406 9.64648e-05 -0.000409606 0.000374409 0.00040015 0.000175331 4.33321e-05 0.000701108 0.00059615 -0.00570588
VAR 232.214 192.809 206.234 249.138 234.716 226.437 198.659 182.232 166.517 150.395 141.654 115.886 93.507 74.4139 53.9384 573.257 6.83438 7.33576 8.093 9.96756 10.9805 11.52 11.3785 11.5934 10.9787 10.183 9.43766 8.15868 6.87242 5.5385 4.23009 9.58321 0.911387 1.0367 1.19857 1.53963 1.76951 1.93311 1.95689 2.02495 1.95002 1.83501 1.70385 1.4874 1.26112 1.02312 0.789417 1.07406
MU 1.08346e-08 2.27316e-08 6.29223e-09 4.37296e-09 -1.03058e-08 4.41551e-09 -8.21096e-09 -7.01611e-09 4.42051e-10 -1.31447e-09 5.67709e-09 -1.18997e-08 -5.67476e-09 -1.73629e-09 -2.30388e-09 2.6337e-08 0.0275406 -0.0020885 0.00563103 0.0025654 0.00808569 -0.0022952 0.00902351 0.00346191 0.000487417 -0.00514739 -0.00427992 -0.00102107 0.0037621 -0.00181379 -0.00260058 0.0314178 -0.00162644 -0.000138808 -0.000533348 0.00159165 0.00154377 0.00108525 0.000536406 9.64648e-05 -0.000409606 0.000374409 0.00040015 0.000175331 4.33321e-05 0.000701108 0.00059615 -0.00570588
VAR 232.214 192.809 206.234 249.138 234.716 226.437 198.659 182.232 166.517 150.395 141.654 115.886 93.507 74.4139 53.9384 573.257 6.83438 7.33576 8.093 9.96756 10.9805 11.52 11.3785 11.5934 10.9787 10.183 9.43766 8.15868 6.87242 5.5385 4.23009 9.58321 0.911387 1.0367 1.19857 1.53963 1.76951 1.93311 1.95689 2.02495 1.95002 1.83501 1.70385 1.4874 1.26112 1.02312 0.789417 1.07406
MU 1.08346e-08 2.27316e-08 6.29223e-09 4.37296e-09 -1.03058e-08 4.41551e-09 -8.21096e-09 -7.01611e-09 4.42051e-10 -1.31447e-09 5.67709e-09 -1.18997e-08 -5.67476e-09 -1.73629e-09 -2.30388e-09 2.6337e-08 0.0275406 -0.0020885 0.00563103 0.0025654 0.00808569 -0.0022952 0.00902351 0.00346191 0.000487417 -0.00514739 -0.00427992 -0.00102107 0.0037621 -0.00181379 -0.00260058 0.0314178 -0.00162644 -0.000138808 -0.000533348 0.00159165 0.00154377 0.00108525 0.000536406 9.64648e-05 -0.000409606 0.000374409 0.00040015 0.000175331 4.33321e-05 0.000701108 0.00059615 -0.00570588
VAR 232.214 192.809 206.234 249.138 234.716 226.437 198.659 182.232 166.517 150.395 141.654 115.886 93.507 74.4139 53.9384 573.257 6.83438 7.33576 8.093 9.96756 10.9805 11.52 11.3785 11.5934 10.9787 10.183 9.43766 8.15868 6.87242 5.5385 4.23009 9.58321 0.911387 1.0367 1.19857 1.53963 1.76951 1.93311 1.95689 2.02495 1.95002 1.83501 1.70385 1.4874 1.26112 1.02312 0.789417 1.07406
'sh'
Q 3
Trans
-0.916291
-0.916291
-0.916291
MU 1.08346e-08 2.27316e-08 6.29223e-09 4.37296e-09 -1.03058e-08 4.41551e-09 -8.21096e-09 -7.01611e-09 4.42051e-10 -1.31447e-09 5.67709e-09 -1.18997e-08 -5.67476e-09 -1.73629e-09 -2.30388e-09 2.6337e-08 0.0275406 -0.0020885 0.00563103 0.0025654 0.00808569 -0.0022952 0.00902351 0.00346191 0.000487417 -0.00514739 -0.00427992 -0.00102107 0.0037621 -0.00181379 -0.00260058 0.0314178 -0.00162644 -0.000138808 -0.000533348 0.00159165 0.00154377 0.00108525 0.000536406 9.64648e-05 -0.000409606 0.000374409 0.00040015 0.000175331 4.33321e-05 0.000701108 0.00059615 -0.00570588
VAR 232.214 192.809 206.234 249.138 234.716 226.437 198.659 182.232 166.517 150.395 141.654 115.886 93.507 74.4139 53.9384 573.257 6.83438 7.33576 8.093 9.96756 10.9805 11.52 11.3785 11.5934 10.9787 10.183 9.43766 8.15868 6.87242 5.5385 4.23009 9.58321 0.911387 1.0367 1.19857 1.53963 1.76951 1.93311 1.95689 2.02495 1.95002 1.83501 1.70385 1.4874 1.26112 1.02312 0.789417 1.07406
MU 1.08346e-08 2.27316e-08 6.29223e-09 4.37296e-09 -1.03058e-08 4.41551e-09 -8.21096e-09 -7.01611e-09 4.42051e-10 -1.31447e-09 5.67709e-09 -1.18997e-08 -5.67476e-09 -1.73629e-09 -2.30388e-09 2.6337e-08 0.0275406 -0.0020885 0.00563103 0.0025654 0.00808569 -0.0022952 0.00902351 0.00346191 0.000487417 -0.00514739 -0.00427992 -0.00102107 0.0037621 -0.00181379 -0.00260058 0.0314178 -0.00162644 -0.000138808 -0.000533348 0.00159165 0.00154377 0.00108525 0.000536406 9.64648e-05 -0.000409606 0.000374409 0.00040015 0.000175331 4.33321e-05 0.000701108 0.00059615 -0.00570588
VAR 232.214 192.809 206.234 249.138 234.716 226.437 198.659 182.232 166.517 150.395 141.654 115.886 93.507 74.4139 53.9384 573.257 6.83438 7.33576 8.093 9.96756 10.9805 11.52 11.3785 11.5934 10.9787 10.183 9.43766 8.15868 6.87242 5.5385 4.23009 9.58321 0.911387 1.0367 1.19857 1.53963 1.76951 1.93311 1.95689 2.02495 1.95002 1.83501 1.70385 1.4874 1.26112 1.02312 0.789417 1.07406
MU 1.08346e-08 2.27316e-08 6.29223e-09 4.37296e-09 -1.03058e-08 4.41551e-09 -8.21096e-09 -7.01611e-09 4.42051e-10 -1.31447e-09 5.67709e-09 -1.18997e-08 -5.67476e-09 -1.73629e-09 -2.30388e-09 2.6337e-08 0.0275406 -0.0020885 0.00563103 0.0025654 0.00808569 -0.0022952 0.00902351 0.00346191 0.000487417 -0.00514739 -0.00427992 -0.00102107 0.0037621 -0.00181379 -0.00260058 0.0314178 -0.00162644 -0.000138808 -0.000533348 0.00159165 0.00154377 0.00108525 0.000536406 9.64648e-05 -0.000409606 0.000374409 0.00040015 0.000175331 4.33321e-05 0.000701108 0.00059615 -0.00570588
VAR 232.214 192.809 206.234 249.138 234.716 226.437 198.659 182.232 166.517 150.395 141.654 115.886 93.507 74.4139 53.9384 573.257 6.83438 7.33576 8.093 9.96756 10.9805 11.52 11.3785 11.5934 10.9787 10.183 9.43766 8.15868 6.87242 5.5385 4.23009 9.58321 0.911387 1.0367 1.19857 1.53963 1.76951 1.93311 1.95689 2.02495 1.95002 1.83501 1.70385 1.4874 1.26112 1.02312 0.789417 1.07406
't'
Q 3
Trans
-0.916291
-0.916291
-0.916291
MU 1.08346e-08 2.27316e-08 6.29223e-09 4.37296e-09 -1.03058e-08 4.41551e-09 -8.21096e-09 -7.01611e-09 4.42051e-10 -1.31447e-09 5.67709e-09 -1.18997e-08 -5.67476e-09 -1.73629e-09 -2.30388e-09 2.6337e-08 0.0275406 -0.0020885 0.00563103 0.0025654 0.00808569 -0.0022952 0.00902351 0.00346191 0.000487417 -0.00514739 -0.00427992 -0.00102107 0.0037621 -0.00181379 -0.00260058 0.0314178 -0.00162644 -0.000138808 -0.000533348 0.00159165 0.00154377 0.00108525 0.000536406 9.64648e-05 -0.000409606 0.000374409 0.00040015 0.000175331 4.33321e-05 0.000701108 0.00059615 -0.00570588
VAR 232.214 192.809 206.234 249.138 234.716 226.437 198.659 182.232 166.517 150.395 141.654 115.886 93.507 74.4139 53.9384 573.257 6.83438 7.33576 8.093 9.96756 10.9805 11.52 11.3785 11.5934 10.9787 10.183 9.43766 8.15868 6.87242 5.5385 4.23009 9.58321 0.911387 1.0367 1.19857 1.53963 1.76951 1.93311 1.95689 2.02495 1.95002 1.83501 1.70385 1.4874 1.26112 1.02312 0.789417 1.07406
MU 1.08346e-08 2.27316e-08 6.29223e-09 4.37296e-09 -1.03058e-08 4.41551e-09 -8.21096e-09 -7.01611e-09 4.42051e-10 -1.31447e-09 5.67709e-09 -1.18997e-08 -5.67476e-09 -1.73629e-09 -2.30388e-09 2.6337e-08 0.0275406 -0.0020885 0.00563103 0.0025654 0.00808569 -0.0022952 0.00902351 0.00346191 0.000487417 -0.00514739 -0.00427992 -0.00102107 0.0037621 -0.00181379 -0.00260058 0.0314178 -0.00162644 -0.000138808 -0.000533348 0.00159165 0.00154377 0.00108525 0.000536406 9.64648e-05 -0.000409606 0.000374409 0.00040015 0.000175331 4.33321e-05 0.000701108 0.00059615 -0.00570588
VAR 232.214 192.809 206.234 249.138 234.716 226.437 198.659 182.232 166.517 150.395 141.654 115.886 93.507 74.4139 53.9384 573.257 6.83438 7.33576 8.093 9.96756 10.9805 11.52 11.3785 11.5934 10.9787 10.183 9.43766 8.15868 6.87242 5.5385 4.23009 9.58321 0.911387 1.0367 1.19857 1.53963 1.76951 1.93311 1.95689 2.02495 1.95002 1.83501 1.70385 1.4874 1.26112 1.02312 0.789417 1.07406
MU 1.08346e-08 2.27316e-08 6.29223e-09 4.37296e-09 -1.03058e-08 4.41551e-09 -8.21096e-09 -7.01611e-09 4.42051e-10 -1.31447e-09 5.67709e-09 -1.18997e-08 -5.67476e-09 -1.73629e-09 -2.30388e-09 2.6337e-08 0.0275406 -0.0020885 0.00563103 0.0025654 0.00808569 -0.0022952 0.00902351 0.00346191 0.000487417 -0.00514739 -0.00427992 -0.00102107 0.0037621 -0.00181379 -0.00260058 0.0314178 -0.00162644 -0.000138808 -0.000533348 0.00159165 0.00154377 0.00108525 0.000536406 9.64648e-05 -0.000409606 0.000374409 0.00040015 0.000175331 4.33321e-05 0.000701108 0.00059615 -0.00570588
VAR 232.214 192.809 206.234 249.138 234.716 226.437 198.659 182.232 166.517 150.395 141.654 115.886 93.507 74.4139 53.9384 573.257 6.83438 7.33576 8.093 9.96756 10.9805 11.52 11.3785 11.5934 10.9787 10.183 9.43766 8.15868 6.87242 5.5385 4.23009 9.58321 0.911387 1.0367 1.19857 1.53963 1.76951 1.93311 1.95689 2.02495 1.95002 1.83501 1.70385 1.4874 1.26112 1.02312 0.789417 1.07406
'th'
Q 3
Trans
-0.916291
-0.916291
-0.916291
MU 1.08346e-08 2.27316e-08 6.29223e-09 4.37296e-09 -1.03058e-08 4.41551e-09 -8.21096e-09 -7.01611e-09 4.42051e-10 -1.31447e-09 5.67709e-09 -1.18997e-08 -5.67476e-09 -1.73629e-09 -2.30388e-09 2.6337e-08 0.0275406 -0.0020885 0.00563103 0.0025654 0.00808569 -0.0022952 0.00902351 0.00346191 0.000487417 -0.00514739 -0.00427992 -0.00102107 0.0037621 -0.00181379 -0.00260058 0.0314178 -0.00162644 -0.000138808 -0.000533348 0.00159165 0.00154377 0.00108525 0.000536406 9.64648e-05 -0.000409606 0.000374409 0.00040015 0.000175331 4.33321e-05 0.000701108 0.00059615 -0.00570588
VAR 232.214 192.809 206.234 249.138 234.716 226.437 198.659 182.232 166.517 150.395 141.654 115.886 93.507 74.4139 53.9384 573.257 6.83438 7.33576 8.093 9.96756 10.9805 11.52 11.3785 11.5934 10.9787 10.183 9.43766 8.15868 6.87242 5.5385 4.23009 9.58321 0.911387 1.0367 1.19857 1.53963 1.76951 1.93311 1.95689 2.02495 1.95002 1.83501 1.70385 1.4874 1.26112 1.02312 0.789417 1.07406
MU 1.08346e-08 2.27316e-08 6.29223e-09 4.37296e-09 -1.03058e-08 4.41551e-09 -8.21096e-09 -7.01611e-09 4.42051e-10 -1.31447e-09 5.67709e-09 -1.18997e-08 -5.67476e-09 -1.73629e-09 -2.30388e-09 2.6337e-08 0.0275406 -0.0020885 0.00563103 0.0025654 0.00808569 -0.0022952 0.00902351 0.00346191 0.000487417 -0.00514739 -0.00427992 -0.00102107 0.0037621 -0.00181379 -0.00260058 0.0314178 -0.00162644 -0.000138808 -0.000533348 0.00159165 0.00154377 0.00108525 0.000536406 9.64648e-05 -0.000409606 0.000374409 0.00040015 0.000175331 4.33321e-05 0.000701108 0.00059615 -0.00570588
VAR 232.214 192.809 206.234 249.138 234.716 226.437 198.659 182.232 166.517 150.395 141.654 115.886 93.507 74.4139 53.9384 573.257 6.83438 7.33576 8.093 9.96756 10.9805 11.52 11.3785 11.5934 10.9787 10.183 9.43766 8.15868 6.87242 5.5385 4.23009 9.58321 0.911387 1.0367 1.19857 1.53963 1.76951 1.93311 1.95689 2.02495 1.95002 1.83501 1.70385 1.4874 1.26112 1.02312 0.789417 1.07406
MU 1.08346e-08 2.27316e-08 6.29223e-09 4.37296e-09 -1.03058e-08 4.41551e-09 -8.21096e-09 -7.01611e-09 4.42051e-10 -1.31447e-09 5.67709e-09 -1.18997e-08 -5.67476e-09 -1.73629e-09 -2.30388e-09 2.6337e-08 0.0275406 -0.0020885 0.00563103 0.0025654 0.00808569 -0.0022952 0.00902351 0.00346191 0.000487417 -0.00514739 -0.00427992 -0.00102107 0.0037621 -0.00181379 -0.00260058 0.0314178 -0.00162644 -0.000138808 -0.000533348 0.00159165 0.00154377 0.00108525 0.000536406 9.64648e-05 -0.000409606 0.000374409 0.00040015 0.000175331 4.33321e-05 0.000701108 0.00059615 -0.00570588
VAR 232.214 192.809 206.234 249.138 234.716 226.437 198.659 182.232 166.517 150.395 141.654 115.886 93.507 74.4139 53.9384 573.257 6.83438 7.33576 8.093 9.96756 10.9805 11.52 11.3785 11.5934 10.9787 10.183 9.43766 8.15868 6.87242 5.5385 4.23009 9.58321 0.911387 1.0367 1.19857 1.53963 1.76951 1.93311 1.95689 2.02495 1.95002 1.83501 1.70385 1.4874 1.26112 1.02312 0.789417 1.07406
'uw'
Q 3
Trans
-0.916291
-0.916291
-0.916291
MU 1.08346e-08 2.27316e-08 6.29223e-09 4.37296e-09 -1.03058e-08 4.41551e-09 -8.21096e-09 -7.01611e-09 4.42051e-10 -1.31447e-09 5.67709e-09 -1.18997e-08 -5.67476e-09 -1.73629e-09 -2.30388e-09 2.6337e-08 0.0275406 -0.0020885 0.00563103 0.0025654 0.00808569 -0.0022952 0.00902351 0.00346191 0.000487417 -0.00514739 -0.00427992 -0.00102107 0.0037621 -0.00181379 -0.00260058 0.0314178 -0.00162644 -0.000138808 -0.000533348 0.00159165 0.00154377 0.00108525 0.000536406 9.64648e-05 -0.000409606 0.000374409 0.00040015 0.000175331 4.33321e-05 0.000701108 0.00059615 -0.00570588
VAR 232.214 192.809 206.234 249.138 234.716 226.437 198.659 182.232 166.517 150.395 141.654 115.886 93.507 74.4139 53.9384 573.257 6.83438 7.33576 8.093 9.96756 10.9805 11.52 11.3785 11.5934 10.9787 10.183 9.43766 8.15868 6.87242 5.5385 4.23009 9.58321 0.911387 1.0367 1.19857 1.53963 1.76951 1.93311 1.95689 2.02495 1.95002 1.83501 1.70385 1.4874 1.26112 1.02312 0.789417 1.07406
MU 1.08346e-08 2.27316e-08 6.29223e-09 4.37296e-09 -1.03058e-08 4.41551e-09 -8.21096e-09 -7.01611e-09 4.42051e-10 -1.31447e-09 5.67709e-09 -1.18997e-08 -5.67476e-09 -1.73629e-09 -2.30388e-09 2.6337e-08 0.0275406 -0.0020885 0.00563103 0.0025654 0.00808569 -0.0022952 0.00902351 0.00346191 0.000487417 -0.00514739 -0.00427992 -0.00102107 0.0037621 -0.00181379 -0.00260058 0.0314178 -0.00162644 -0.000138808 -0.000533348 0.00159165 0.00154377 0.00108525 0.000536406 9.64648e-05 -0.000409606 0.000374409 0.00040015 0.000175331 4.33321e-05 0.000701108 0.00059615 -0.00570588
VAR 232.214 192.809 206.234 249.138 234.716 226.437 198.659 182.232 166.517 150.395 141.654 115.886 93.507 74.4139 53.9384 573.257 6.83438 7.33576 8.093 9.96756 10.9805 11.52 11.3785 11.5934 10.9787 10.183 9.43766 8.15868 6.87242 5.5385 4.23009 9.58321 0.911387 1.0367 1.19857 1.53963 1.76951 1.93311 1.95689 2.02495 1.95002 1.83501 1.70385 1.4874 1.26112 1.02312 0.789417 1.07406
MU 1.08346e-08 2.27316e-08 6.29223e-09 4.37296e-09 -1.03058e-08 4.41551e-09 -8.21096e-09 -7.01611e-09 4.42051e-10 -1.31447e-09 5.67709e-09 -1.18997e-08 -5.67476e-09 -1.73629e-09 -2.30388e-09 2.6337e-08 0.0275406 -0.0020885 0.00563103 0.0025654 0.00808569 -0.0022952 0.00902351 0.00346191 0.000487417 -0.00514739 -0.00427992 -0.00102107 0.0037621 -0.00181379 -0.00260058 0.0314178 -0.00162644 -0.000138808 -0.000533348 0.00159165 0.00154377 0.00108525 0.000536406 9.64648e-05 -0.000409606 0.000374409 0.00040015 0.000175331 4.33321e-05 0.000701108 0.00059615 -0.00570588
VAR 232.214 192.809 206.234 249.138 234.716 226.437 198.659 182.232 166.517 150.395 141.654 115.886 93.507 74.4139 53.9384 573.257 6.83438 7.33576 8.093 9.96756 10.9805 11.52 11.3785 11.5934 10.9787 10.183 9.43766 8.15868 6.87242 5.5385 4.23009 9.58321 0.911387 1.0367 1.19857 1.53963 1.76951 1.93311 1.95689 2.02495 1.95002 1.83501 1.70385 1.4874 1.26112 1.02312 0.789417 1.07406
'v'
Q 3
Trans
-0.916291
-0.916291
-0.916291
MU 1.08346e-08 2.27316e-08 6.29223e-09 4.37296e-09 -1.03058e-08 4.41551e-09 -8.21096e-09 -7.01611e-09 4.42051e-10 -1.31447e-09 5.67709e-09 -1.18997e-08 -5.67476e-09 -1.73629e-09 -2.30388e-09 2.6337e-08 0.0275406 -0.0020885 0.00563103 0.0025654 0.00808569 -0.0022952 0.00902351 0.00346191 0.000487417 -0.00514739 -0.00427992 -0.00102107 0.0037621 -0.00181379 -0.00260058 0.0314178 -0.00162644 -0.000138808 -0.000533348 0.00159165 0.00154377 0.00108525 0.000536406 9.64648e-05 -0.000409606 0.000374409 0.00040015 0.000175331 4.33321e-05 0.000701108 0.00059615 -0.00570588
VAR 232.214 192.809 206.234 249.138 234.716 226.437 198.659 182.232 166.517 150.395 141.654 115.886 93.507 74.4139 53.9384 573.257 6.83438 7.33576 8.093 9.96756 10.9805 11.52 11.3785 11.5934 10.9787 10.183 9.43766 8.15868 6.87242 5.5385 4.23009 9.58321 0.911387 1.0367 1.19857 1.53963 1.76951 1.93311 1.95689 2.02495 1.95002 1.83501 1.70385 1.4874 1.26112 1.02312 0.789417 1.07406
MU 1.08346e-08 2.27316e-08 6.29223e-09 4.37296e-09 -1.03058e-08 4.41551e-09 -8.21096e-09 -7.01611e-09 4.42051e-10 -1.31447e-09 5.67709e-09 -1.18997e-08 -5.67476e-09 -1.73629e-09 -2.30388e-09 2.6337e-08 0.0275406 -0.0020885 0.00563103 0.0025654 0.00808569 -0.0022952 0.00902351 0.00346191 0.000487417 -0.00514739 -0.00427992 -0.00102107 0.0037621 -0.00181379 -0.00260058 0.0314178 -0.00162644 -0.000138808 -0.000533348 0.00159165 0.00154377 0.00108525 0.000536406 9.64648e-05 -0.000409606 0.000374409 0.00040015 0.000175331 4.33321e-05 0.000701108 0.00059615 -0.00570588
VAR 232.214 192.809 206.234 249.138 234.716 226.437 198.659 182.232 166.517 150.395 141.654 115.886 93.507 74.4139 53.9384 573.257 6.83438 7.33576 8.093 9.96756 10.9805 11.52 11.3785 11.5934 10.9787 10.183 9.43766 8.15868 6.87242 5.5385 4.23009 9.58321 0.911387 1.0367 1.19857 1.53963 1.76951 1.93311 1.95689 2.02495 1.95002 1.83501 1.70385 1.4874 1.26112 1.02312 0.789417 1.07406
MU 1.08346e-08 2.27316e-08 6.29223e-09 4.37296e-09 -1.03058e-08 4.41551e-09 -8.21096e-09 -7.01611e-09 4.42051e-10 -1.31447e-09 5.67709e-09 -1.18997e-08 -5.67476e-09 -1.73629e-09 -2.30388e-09 2.6337e-08 0.0275406 -0.0020885 0.00563103 0.0025654 0.00808569 -0.0022952 0.00902351 0.00346191 0.000487417 -0.00514739 -0.00427992 -0.00102107 0.0037621 -0.00181379 -0.00260058 0.0314178 -0.00162644 -0.000138808 -0.000533348 0.00159165 0.00154377 0.00108525 0.000536406 9.64648e-05 -0.000409606 0.000374409 0.00040015 0.000175331 4.33321e-05 0.000701108 0.00059615 -0.00570588
VAR 232.214 192.809 206.234 249.138 234.716 226.437 198.659 182.232 166.517 150.395 141.654 115.886 93.507 74.4139 53.9384 573.257 6.83438 7.33576 8.093 9.96756 10.9805 11.52 11.3785 11.5934 10.9787 10.183 9.43766 8.15868 6.87242 5.5385 4.23009 9.58321 0.911387 1.0367 1.19857 1.53963 1.76951 1.93311 1.95689 2.02495 1.95002 1.83501 1.70385 1.4874 1.26112 1.02312 0.789417 1.07406
'w'
Q 3
Trans
-0.916291
-0.916291
-0.916291
MU 1.08346e-08 2.27316e-08 6.29223e-09 4.37296e-09 -1.03058e-08 4.41551e-09 -8.21096e-09 -7.01611e-09 4.42051e-10 -1.31447e-09 5.67709e-09 -1.18997e-08 -5.67476e-09 -1.73629e-09 -2.30388e-09 2.6337e-08 0.0275406 -0.0020885 0.00563103 0.0025654 0.00808569 -0.0022952 0.00902351 0.00346191 0.000487417 -0.00514739 -0.00427992 -0.00102107 0.0037621 -0.00181379 -0.00260058 0.0314178 -0.00162644 -0.000138808 -0.000533348 0.00159165 0.00154377 0.00108525 0.000536406 9.64648e-05 -0.000409606 0.000374409 0.00040015 0.000175331 4.33321e-05 0.000701108 0.00059615 -0.00570588
VAR 232.214 192.809 206.234 249.138 234.716 226.437 198.659 182.232 166.517 150.395 141.654 115.886 93.507 74.4139 53.9384 573.257 6.83438 7.33576 8.093 9.96756 10.9805 11.52 11.3785 11.5934 10.9787 10.183 9.43766 8.15868 6.87242 5.5385 4.23009 9.58321 0.911387 1.0367 1.19857 1.53963 1.76951 1.93311 1.95689 2.02495 1.95002 1.83501 1.70385 1.4874 1.26112 1.02312 0.789417 1.07406
MU 1.08346e-08 2.27316e-08 6.29223e-09 4.37296e-09 -1.03058e-08 4.41551e-09 -8.21096e-09 -7.01611e-09 4.42051e-10 -1.31447e-09 5.67709e-09 -1.18997e-08 -5.67476e-09 -1.73629e-09 -2.30388e-09 2.6337e-08 0.0275406 -0.0020885 0.00563103 0.0025654 0.00808569 -0.0022952 0.00902351 0.00346191 0.000487417 -0.00514739 -0.00427992 -0.00102107 0.0037621 -0.00181379 -0.00260058 0.0314178 -0.00162644 -0.000138808 -0.000533348 0.00159165 0.00154377 0.00108525 0.000536406 9.64648e-05 -0.000409606 0.000374409 0.00040015 0.000175331 4.33321e-05 0.000701108 0.00059615 -0.00570588
VAR 232.214 192.809 206.234 249.138 234.716 226.437 198.659 182.232 166.517 150.395 141.654 115.886 93.507 74.4139 53.9384 573.257 6.83438 7.33576 8.093 9.96756 10.9805 11.52 11.3785 11.5934 10.9787 10.183 9.43766 8.15868 6.87242 5.5385 4.23009 9.58321 0.911387 1.0367 1.19857 1.53963 1.76951 1.93311 1.95689 2.02495 1.95002 1.83501 1.70385 1.4874 1.26112 1.02312 0.789417 1.07406
MU 1.08346e-08 2.27316e-08 6.29223e-09 4.37296e-09 -1.03058e-08 4.41551e-09 -8.21096e-09 -7.01611e-09 4.42051e-10 -1.31447e-09 5.67709e-09 -1.18997e-08 -5.67476e-09 -1.73629e-09 -2.30388e-09 2.6337e-08 0.0275406 -0.0020885 0.00563103 0.0025654 0.00808569 -0.0022952 0.00902351 0.00346191 0.000487417 -0.00514739 -0.00427992 -0.00102107 0.0037621 -0.00181379 -0.00260058 0.0314178 -0.00162644 -0.000138808 -0.000533348 0.00159165 0.00154377 0.00108525 0.000536406 9.64648e-05 -0.000409606 0.000374409 0.00040015 0.000175331 4.33321e-05 0.000701108 0.00059615 -0.00570588
VAR 232.214 192.809 206.234 249.138 234.716 226.437 198.659 182.232 166.517 150.395 141.654 115.886 93.507 74.4139 53.9384 573.257 6.83438 7.33576 8.093 9.96756 10.9805 11.52 11.3785 11.5934 10.9787 10.183 9.43766 8.15868 6.87242 5.5385 4.23009 9.58321 0.911387 1.0367 1.19857 1.53963 1.76951 1.93311 1.95689 2.02495 1.95002 1.83501 1.70385 1.4874 1.26112 1.02312 0.789417 1.07406
'y'
Q 3
Trans
-0.916291
-0.916291
-0.916291
MU 1.08346e-08 2.27316e-08 6.29223e-09 4.37296e-09 -1.03058e-08 4.41551e-09 -8.21096e-09 -7.01611e-09 4.42051e-10 -1.31447e-09 5.67709e-09 -1.18997e-08 -5.67476e-09 -1.73629e-09 -2.30388e-09 2.6337e-08 0.0275406 -0.0020885 0.00563103 0.0025654 0.00808569 -0.0022952 0.00902351 0.00346191 0.000487417 -0.00514739 -0.00427992 -0.00102107 0.0037621 -0.00181379 -0.00260058 0.0314178 -0.00162644 -0.000138808 -0.000533348 0.00159165 0.00154377 0.00108525 0.000536406 9.64648e-05 -0.000409606 0.000374409 0.00040015 0.000175331 4.33321e-05 0.000701108 0.00059615 -0.00570588
VAR 232.214 192.809 206.234 249.138 234.716 226.437 198.659 182.232 166.517 150.395 141.654 115.886 93.507 74.4139 53.9384 573.257 6.83438 7.33576 8.093 9.96756 10.9805 11.52 11.3785 11.5934 10.9787 10.183 9.43766 8.15868 6.87242 5.5385 4.23009 9.58321 0.911387 1.0367 1.19857 1.53963 1.76951 1.93311 1.95689 2.02495 1.95002 1.83501 1.70385 1.4874 1.26112 1.02312 0.789417 1.07406
MU 1.08346e-08 2.27316e-08 6.29223e-09 4.37296e-09 -1.03058e-08 4.41551e-09 -8.21096e-09 -7.01611e-09 4.42051e-10 -1.31447e-09 5.67709e-09 -1.18997e-08 -5.67476e-09 -1.73629e-09 -2.30388e-09 2.6337e-08 0.0275406 -0.0020885 0.00563103 0.0025654 0.00808569 -0.0022952 0.00902351 0.00346191 0.000487417 -0.00514739 -0.00427992 -0.00102107 0.0037621 -0.00181379 -0.00260058 0.0314178 -0.00162644 -0.000138808 -0.000533348 0.00159165 0.00154377 0.00108525 0.000536406 9.64648e-05 -0.000409606 0.000374409 0.00040015 0.000175331 4.33321e-05 0.000701108 0.00059615 -0.00570588
VAR 232.214 192.809 206.234 249.138 234.716 226.437 198.659 182.232 166.517 150.395 141.654 115.886 93.507 74.4139 53.9384 573.257 6.83438 7.33576 8.093 9.96756 10.9805 11.52 11.3785 11.5934 10.9787 10.183 9.43766 8.15868 6.87242 5.5385 4.23009 9.58321 0.911387 1.0367 1.19857 1.53963 1.76951 1.93311 1.95689 2.02495 1.95002 1.83501 1.70385 1.4874 1.26112 1.02312 0.789417 1.07406
MU 1.08346e-08 2.27316e-08 6.29223e-09 4.37296e-09 -1.03058e-08 4.41551e-09 -8.21096e-09 -7.01611e-09 4.42051e-10 -1.31447e-09 5.67709e-09 -1.18997e-08 -5.67476e-09 -1.73629e-09 -2.30388e-09 2.6337e-08 0.0275406 -0.0020885 0.00563103 0.0025654 0.00808569 -0.0022952 0.00902351 0.00346191 0.000487417 -0.00514739 -0.00427992 -0.00102107 0.0037621 -0.00181379 -0.00260058 0.0314178 -0.00162644 -0.000138808 -0.000533348 0.00159165 0.00154377 0.00108525 0.000536406 9.64648e-05 -0.000409606 0.000374409 0.00040015 0.000175331 4.33321e-05 0.000701108 0.00059615 -0.00570588
VAR 232.214 192.809 206.234 249.138 234.716 226.437 198.659 182.232 166.517 150.395 141.654 115.886 93.507 74.4139 53.9384 573.257 6.83438 7.33576 8.093 9.96756 10.9805 11.52 11.3785 11.5934 10.9787 10.183 9.43766 8.15868 6.87242 5.5385 4.23009 9.58321 0.911387 1.0367 1.19857 1.53963 1.76951 1.93311 1.95689 2.02495 1.95002 1.83501 1.70385 1.4874 1.26112 1.02312 0.789417 1.07406
'z'
Q 3
Trans
-0.916291
-0.916291
-0.916291
MU 1.08346e-08 2.27316e-08 6.29223e-09 4.37296e-09 -1.03058e-08 4.41551e-09 -8.21096e-09 -7.01611e-09 4.42051e-10 -1.31447e-09 5.67709e-09 -1.18997e-08 -5.67476e-09 -1.73629e-09 -2.30388e-09 2.6337e-08 0.0275406 -0.0020885 0.00563103 0.0025654 0.00808569 -0.0022952 0.00902351 0.00346191 0.000487417 -0.00514739 -0.00427992 -0.00102107 0.0037621 -0.00181379 -0.00260058 0.0314178 -0.00162644 -0.000138808 -0.000533348 0.00159165 0.00154377 0.00108525 0.000536406 9.64648e-05 -0.000409606 0.000374409 0.00040015 0.000175331 4.33321e-05 0.000701108 0.00059615 -0.00570588
VAR 232.214 192.809 206.234 249.138 234.716 226.437 198.659 182.232 166.517 150.395 141.654 115.886 93.507 74.4139 53.9384 573.257 6.83438 7.33576 8.093 9.96756 10.9805 11.52 11.3785 11.5934 10.9787 10.183 9.43766 8.15868 6.87242 5.5385 4.23009 9.58321 0.911387 1.0367 1.19857 1.53963 1.76951 1.93311 1.95689 2.02495 1.95002 1.83501 1.70385 1.4874 1.26112 1.02312 0.789417 1.07406
MU 1.08346e-08 2.27316e-08 6.29223e-09 4.37296e-09 -1.03058e-08 4.41551e-09 -8.21096e-09 -7.01611e-09 4.42051e-10 -1.31447e-09 5.67709e-09 -1.18997e-08 -5.67476e-09 -1.73629e-09 -2.30388e-09 2.6337e-08 0.0275406 -0.0020885 0.00563103 0.0025654 0.00808569 -0.0022952 0.00902351 0.00346191 0.000487417 -0.00514739 -0.00427992 -0.00102107 0.0037621 -0.00181379 -0.00260058 0.0314178 -0.00162644 -0.000138808 -0.000533348 0.00159165 0.00154377 0.00108525 0.000536406 9.64648e-05 -0.000409606 0.000374409 0.00040015 0.000175331 4.33321e-05 0.000701108 0.00059615 -0.00570588
VAR 232.214 192.809 206.234 249.138 234.716 226.437 198.659 182.232 166.517 150.395 141.654 115.886 93.507 74.4139 53.9384 573.257 6.83438 7.33576 8.093 9.96756 10.9805 11.52 11.3785 11.5934 10.9787 10.183 9.43766 8.15868 6.87242 5.5385 4.23009 9.58321 0.911387 1.0367 1.19857 1.53963 1.76951 1.93311 1.95689 2.02495 1.95002 1.83501 1.70385 1.4874 1.26112 1.02312 0.789417 1.07406
MU 1.08346e-08 2.27316e-08 6.29223e-09 4.37296e-09 -1.03058e-08 4.41551e-09 -8.21096e-09 -7.01611e-09 4.42051e-10 -1.31447e-09 5.67709e-09 -1.18997e-08 -5.67476e-09 -1.73629e-09 -2.30388e-09 2.6337e-08 0.0275406 -0.0020885 0.00563103 0.0025654 0.00808569 -0.0022952 0.00902351 0.00346191 0.000487417 -0.00514739 -0.00427992 -0.00102107 0.0037621 -0.00181379 -0.00260058 0.0314178 -0.00162644 -0.000138808 -0.000533348 0.00159165 0.00154377 0.00108525 0.000536406 9.64648e-05 -0.000409606 0.000374409 0.00040015 0.000175331 4.33321e-05 0.000701108 0.00059615 -0.00570588
VAR 232.214 192.809 206.234 249.138 234.716 226.437 198.659 182.232 166.517 150.395 141.654 115.886 93.507 74.4139 53.9384 573.257 6.83438 7.33576 8.093 9.96756 10.9805 11.52 11.3785 11.5934 10.9787 10.183 9.43766 8.15868 6.87242 5.5385 4.23009 9.58321 0.911387 1.0367 1.19857 1.53963 1.76951 1.93311 1.95689 2.02495 1.95002 1.83501 1.70385 1.4874 1.26112 1.02312 0.789417 1.07406
